0.000000 0.000000
0.000000 0.000000
0.000000 0.000000
0.000000 0.000000
0.000000 0.000000
0.000000 -0.009770
0.000000 0.005426
0.000000 0.006323
0.000000 -0.007207
0.000000 0.001560
0.000000 -0.003187
0.000000 -0.005356
0.000000 -0.006027
0.000000 -0.004570
0.000000 0.009537
0.000000 -0.005691
0.000000 -0.002872
0.000000 -0.009632
0.000000 0.002336
0.000000 -0.005392
0.000000 0.004847
0.000000 0.001685
0.000000 -0.001598
0.000000 0.004185
0.000000 0.009441
0.000000 0.006201
0.000000 -0.001387
0.000000 0.009155
0.000000 -0.009045
0.000000 0.004656
0.000000 0.003513
0.000000 0.000540
0.000000 0.001340
0.000000 0.004459
0.000000 0.003652
0.000000 0.005906
0.000000 -0.007743
0.000000 -0.006017
0.000000 0.004426
0.000000 -0.002123
0.000000 -0.003216
0.000000 -0.006931
0.000000 -0.007989
0.000000 -0.001855
0.000000 0.001658
0.000000 0.004814
0.000000 0.007407
0.000000 0.009331
0.000000 -0.000889
0.000000 -0.001992
0.000000 -0.004021
0.000000 0.006567
0.000000 0.008197
0.000000 0.005323
0.000000 -0.008634
0.000000 0.002121
0.000000 0.008784
0.000000 -0.007957
0.000000 0.009551
0.000000 -0.002866
0.000000 0.003084
0.000000 -0.007544
0.000000 0.009227
0.000000 0.003024
0.000000 0.008734
0.000000 0.008177
0.000000 -0.001260
0.000000 0.008665
0.000000 0.004124
0.000000 -0.004657
0.000000 -0.006405
0.000000 0.003111
0.000000 0.006441
0.000000 0.008158
0.000000 0.002524
0.000000 -0.006745
0.000000 -0.004367
0.000000 0.001764
0.000000 -0.007765
0.000000 -0.004610
0.000000 -0.009960
0.000000 0.007931
0.000000 0.008607
0.000000 -0.003195
0.000000 -0.001548
0.000000 0.003404
0.000000 0.002225
0.000000 0.003218
0.000000 0.000141
0.000000 0.002699
0.000000 -0.007835
0.000000 0.009024
0.000000 -0.009331
0.000000 -0.008060
0.000000 0.006939
0.000000 0.002247
0.000000 0.004003
0.000000 0.001005
0.000000 0.006228
-0.553418 0.002888
-0.553418 -0.006050
-0.553418 0.005466
-0.553418 -0.003108
-0.553418 0.007008
-0.553418 -0.003174
-0.553418 0.001669
-0.553418 -0.032099
-0.553418 -0.049378
-0.553418 -0.089187
-0.553418 -0.121574
-0.553418 -0.144496
-0.553418 -0.176675
-0.553418 -0.221937
-0.553418 -0.244144
-0.553418 -0.277659
-0.553418 -0.311743
-0.553418 -0.330694
-0.553418 -0.364390
-0.553418 -0.370398
-0.553418 -0.407234
-0.553418 -0.410781
-0.553418 -0.430436
-0.553418 -0.458442
-0.553418 -0.463878
-0.553418 -0.467920
-0.553418 -0.493680
-0.553418 -0.497271
-0.553418 -0.506424
-0.553418 -0.519028
-0.553418 -0.530700
-0.553418 -0.528572
-0.553418 -0.533804
-0.553418 -0.531934
-0.553418 -0.542193
-0.553418 -0.548797
-0.553418 -0.558538
-0.553418 -0.557606
-0.553418 -0.556703
-0.553418 -0.556069
-0.553418 -0.553036
-0.553418 -0.570880
-0.553418 -0.562958
-0.553418 -0.569616
-0.553418 -0.566523
-0.553418 -0.580310
-0.553418 -0.566803
-0.553418 -0.565893
-0.553418 -0.582282
-0.553418 -0.576788
0.046327 -0.580139
0.046327 -0.572130
0.046327 -0.583872
0.046327 -0.579255
0.046327 -0.573250
0.046327 -0.570152
0.046327 -0.554260
0.046327 -0.495008
0.046327 -0.418915
0.046327 -0.338920
0.046327 -0.293593
0.046327 -0.228057
0.046327 -0.194298
0.046327 -0.145889
0.046327 -0.116405
0.046327 -0.088875
0.046327 -0.077070
0.046327 -0.059959
0.046327 -0.038593
0.046327 -0.031389
0.046327 -0.015433
0.046327 -0.010896
0.046327 -0.008022
0.046327 0.006931
0.046327 0.008429
0.046327 0.015676
0.046327 0.007145
0.046327 0.013418
0.046327 0.020798
0.046327 0.030365
0.046327 0.029101
0.046327 0.024996
0.046327 0.040230
0.046327 0.024172
0.046327 0.030907
0.046327 0.030356
0.046327 0.034737
0.046327 0.046098
0.046327 0.042975
0.046327 0.032792
0.046327 0.034403
0.046327 0.032028
0.046327 0.035556
0.046327 0.035762
0.046327 0.038817
0.046327 0.045449
0.046327 0.047575
0.046327 0.036112
0.046327 0.044558
0.046327 0.050656
0.101403 0.041403
0.101403 0.045499
0.101403 0.044885
0.101403 0.045927
0.101403 0.052728
0.101403 0.040299
0.101403 0.046054
0.101403 0.038782
0.101403 0.043002
0.101403 0.051986
0.101403 0.060920
0.101403 0.052782
0.101403 0.062871
0.101403 0.073093
0.101403 0.060052
0.101403 0.078607
0.101403 0.078616
0.101403 0.079935
0.101403 0.082317
0.101403 0.086357
0.101403 0.080515
0.101403 0.072912
0.101403 0.084949
0.101403 0.078584
0.101403 0.090030
0.101403 0.089399
0.101403 0.087171
0.101403 0.076035
0.101403 0.081486
0.101403 0.082172
0.101403 0.091733
0.101403 0.092945
0.101403 0.084848
0.101403 0.086307
0.101403 0.076251
0.101403 0.078904
0.101403 0.088570
0.101403 0.085118
0.101403 0.077272
0.101403 0.078068
0.101403 0.078109
0.101403 0.082674
0.101403 0.088090
0.101403 0.092390
0.101403 0.091141
0.101403 0.083028
0.101403 0.077872
0.101403 0.077846
0.101403 0.079653
0.101403 0.088119
-0.908796 0.082482
-0.908796 0.089060
-0.908796 0.078079
-0.908796 0.089554
-0.908796 0.082172
-0.908796 0.079587
-0.908796 0.088728
-0.908796 0.068741
-0.908796 0.029515
-0.908796 0.005461
-0.908796 -0.034521
-0.908796 -0.053073
-0.908796 -0.092672
-0.908796 -0.135125
-0.908796 -0.165471
-0.908796 -0.210965
-0.908796 -0.253734
-0.908796 -0.281817
-0.908796 -0.301498
-0.908796 -0.349681
-0.908796 -0.369253
-0.908796 -0.397858
-0.908796 -0.423980
-0.908796 -0.434606
-0.908796 -0.463538
-0.908796 -0.482446
-0.908796 -0.495254
-0.908796 -0.510103
-0.908796 -0.510545
-0.908796 -0.518317
-0.908796 -0.545199
-0.908796 -0.552136
-0.908796 -0.561771
-0.908796 -0.560686
-0.908796 -0.577438
-0.908796 -0.579482
-0.908796 -0.570444
-0.908796 -0.574217
-0.908796 -0.586362
-0.908796 -0.586526
-0.908796 -0.587810
-0.908796 -0.602879
-0.908796 -0.595772
-0.908796 -0.605099
-0.908796 -0.596469
-0.908796 -0.598007
-0.908796 -0.600688
-0.908796 -0.617918
-0.908796 -0.609991
-0.908796 -0.614943
-0.278542 -0.619013
-0.278542 -0.603774
-0.278542 -0.621394
-0.278542 -0.618482
-0.278542 -0.619288
-0.278542 -0.619457
-0.278542 -0.617977
-0.278542 -0.597289
-0.278542 -0.565287
-0.278542 -0.553638
-0.278542 -0.541018
-0.278542 -0.519727
-0.278542 -0.498250
-0.278542 -0.481136
-0.278542 -0.473960
-0.278542 -0.467011
-0.278542 -0.463581
-0.278542 -0.451941
-0.278542 -0.438819
-0.278542 -0.433872
-0.278542 -0.424489
-0.278542 -0.433710
-0.278542 -0.414637
-0.278542 -0.416417
-0.278542 -0.416249
-0.278542 -0.418993
-0.278542 -0.403276
-0.278542 -0.407575
-0.278542 -0.408744
-0.278542 -0.393101
-0.278542 -0.393084
-0.278542 -0.400847
-0.278542 -0.393612
-0.278542 -0.395547
-0.278542 -0.401310
-0.278542 -0.403849
-0.278542 -0.393926
-0.278542 -0.400601
-0.278542 -0.388472
-0.278542 -0.400089
-0.278542 -0.395088
-0.278542 -0.392655
-0.278542 -0.383972
-0.278542 -0.387548
-0.278542 -0.393633
-0.278542 -0.395323
-0.278542 -0.382235
-0.278542 -0.395776
-0.278542 -0.385534
-0.278542 -0.397653
-0.553838 -0.395838
-0.553838 -0.392611
-0.553838 -0.382018
-0.553838 -0.386673
-0.553838 -0.380644
-0.553838 -0.398503
-0.553838 -0.392772
-0.553838 -0.407263
-0.553838 -0.415523
-0.553838 -0.433735
-0.553838 -0.445459
-0.553838 -0.451345
-0.553838 -0.478328
-0.553838 -0.475446
-0.553838 -0.486684
-0.553838 -0.499551
-0.553838 -0.517198
-0.553838 -0.513087
-0.553838 -0.529321
-0.553838 -0.527608
-0.553838 -0.537470
-0.553838 -0.537034
-0.553838 -0.541864
-0.553838 -0.553782
-0.553838 -0.554204
-0.553838 -0.559165
-0.553838 -0.567405
-0.553838 -0.569324
-0.553838 -0.566805
-0.553838 -0.570894
-0.553838 -0.571679
-0.553838 -0.569156
-0.553838 -0.566427
-0.553838 -0.571926
-0.553838 -0.572027
-0.553838 -0.570339
-0.553838 -0.563655
-0.553838 -0.576516
-0.553838 -0.566518
-0.553838 -0.581542
-0.553838 -0.581027
-0.553838 -0.570999
-0.553838 -0.579540
-0.553838 -0.586283
-0.553838 -0.584669
-0.553838 -0.573431
-0.553838 -0.578750
-0.553838 -0.578932
-0.553838 -0.571318
-0.553838 -0.574637
0.377452 -0.582765
0.377452 -0.587328
0.377452 -0.582713
0.377452 -0.574254
0.377452 -0.577408
0.377452 -0.575755
0.377452 -0.522426
0.377452 -0.426181
0.377452 -0.321464
0.377452 -0.234359
0.377452 -0.156969
0.377452 -0.088620
0.377452 -0.046877
0.377452 0.001259
0.377452 0.022457
0.377452 0.047087
0.377452 0.072875
0.377452 0.089509
0.377452 0.088230
0.377452 0.103664
0.377452 0.124292
0.377452 0.118574
0.377452 0.128999
0.377452 0.139703
0.377452 0.146016
0.377452 0.136371
0.377452 0.141692
0.377452 0.142835
0.377452 0.155834
0.377452 0.149107
0.377452 0.145661
0.377452 0.159222
0.377452 0.158475
0.377452 0.149120
0.377452 0.150104
0.377452 0.169072
0.377452 0.164348
0.377452 0.158816
0.377452 0.154124
0.377452 0.158146
0.377452 0.168417
0.377452 0.161653
0.377452 0.169209
0.377452 0.166003
0.377452 0.167296
0.377452 0.158532
0.377452 0.155084
0.377452 0.156005
0.377452 0.168969
0.377452 0.163481
-0.672537 0.157558
-0.672537 0.163045
-0.672537 0.166908
-0.672537 0.161382
-0.672537 0.173906
-0.672537 0.160500
-0.672537 0.167941
-0.672537 0.137848
-0.672537 0.132846
-0.672537 0.094295
-0.672537 0.077643
-0.672537 0.039264
-0.672537 0.013518
-0.672537 -0.021066
-0.672537 -0.057412
-0.672537 -0.101065
-0.672537 -0.145243
-0.672537 -0.172683
-0.672537 -0.221696
-0.672537 -0.254481
-0.672537 -0.287775
-0.672537 -0.306154
-0.672537 -0.331402
-0.672537 -0.375246
-0.672537 -0.390251
-0.672537 -0.419851
-0.672537 -0.435989
-0.672537 -0.458450
-0.672537 -0.469521
-0.672537 -0.485490
-0.672537 -0.495269
-0.672537 -0.500934
-0.672537 -0.510990
-0.672537 -0.519645
-0.672537 -0.528011
-0.672537 -0.539800
-0.672537 -0.550980
-0.672537 -0.550196
-0.672537 -0.560338
-0.672537 -0.566905
-0.672537 -0.562874
-0.672537 -0.578936
-0.672537 -0.584813
-0.672537 -0.589404
-0.672537 -0.583925
-0.672537 -0.578259
-0.672537 -0.594386
-0.672537 -0.587862
-0.672537 -0.599161
-0.672537 -0.588233
-0.859350 -0.596061
-0.859350 -0.593176
-0.859350 -0.603916
-0.859350 -0.598101
-0.859350 -0.597813
-0.859350 -0.607956
-0.859350 -0.590036
-0.859350 -0.602515
-0.859350 -0.607751
-0.859350 -0.599146
-0.859350 -0.607636
-0.859350 -0.601115
-0.859350 -0.614924
-0.859350 -0.602253
-0.859350 -0.617956
-0.859350 -0.620408
-0.859350 -0.612108
-0.859350 -0.602535
-0.859350 -0.613368
-0.859350 -0.620327
-0.859350 -0.611117
-0.859350 -0.623304
-0.859350 -0.616085
-0.859350 -0.624379
-0.859350 -0.614040
-0.859350 -0.623035
-0.859350 -0.625133
-0.859350 -0.621604
-0.859350 -0.613959
-0.859350 -0.611702
-0.859350 -0.619793
-0.859350 -0.609597
-0.859350 -0.615929
-0.859350 -0.620852
-0.859350 -0.608624
-0.859350 -0.616632
-0.859350 -0.609114
-0.859350 -0.610687
-0.859350 -0.618605
-0.859350 -0.611548
-0.859350 -0.621046
-0.859350 -0.623425
-0.859350 -0.615844
-0.859350 -0.624400
-0.859350 -0.617108
-0.859350 -0.615939
-0.859350 -0.626037
-0.859350 -0.620046
-0.859350 -0.615347
-0.859350 -0.613577
0.882022 -0.609754
0.882022 -0.611192
0.882022 -0.610958
0.882022 -0.625043
0.882022 -0.608328
0.882022 -0.607477
0.882022 -0.559267
0.882022 -0.450802
0.882022 -0.331485
0.882022 -0.221832
0.882022 -0.153013
0.882022 -0.090559
0.882022 -0.021811
0.882022 0.006337
0.882022 0.040627
0.882022 0.074648
0.882022 0.093846
0.882022 0.101279
0.882022 0.102281
0.882022 0.113560
0.882022 0.130309
0.882022 0.135302
0.882022 0.150198
0.882022 0.149557
0.882022 0.145451
0.882022 0.155882
0.882022 0.152685
0.882022 0.151039
0.882022 0.163588
0.882022 0.158029
0.882022 0.170792
0.882022 0.162918
0.882022 0.163819
0.882022 0.165893
0.882022 0.171260
0.882022 0.178678
0.882022 0.169883
0.882022 0.172809
0.882022 0.180224
0.882022 0.173649
0.882022 0.182964
0.882022 0.181726
0.882022 0.168262
0.882022 0.170215
0.882022 0.175632
0.882022 0.169901
0.882022 0.170734
0.882022 0.168324
0.882022 0.173046
0.882022 0.168816
0.127363 0.181571
0.127363 0.187187
0.127363 0.170239
0.127363 0.168783
0.127363 0.179245
0.127363 0.186520
0.127363 0.169054
0.127363 0.167216
0.127363 0.164037
0.127363 0.161273
0.127363 0.155158
0.127363 0.160617
0.127363 0.156093
0.127363 0.150556
0.127363 0.136985
0.127363 0.127587
0.127363 0.136272
0.127363 0.120584
0.127363 0.123387
0.127363 0.121450
0.127363 0.118839
0.127363 0.122889
0.127363 0.110317
0.127363 0.122156
0.127363 0.105140
0.127363 0.115104
0.127363 0.103279
0.127363 0.117297
0.127363 0.103622
0.127363 0.107049
0.127363 0.115514
0.127363 0.116515
0.127363 0.099068
0.127363 0.105259
0.127363 0.099398
0.127363 0.108945
0.127363 0.096753
0.127363 0.097913
0.127363 0.104525
0.127363 0.109344
0.127363 0.096072
0.127363 0.104844
0.127363 0.111738
0.127363 0.097619
0.127363 0.094939
0.127363 0.100266
0.127363 0.106979
0.127363 0.098600
0.127363 0.110170
0.127363 0.101318
-0.844015 0.111807
-0.844015 0.097934
-0.844015 0.104930
-0.844015 0.108149
-0.844015 0.099294
-0.844015 0.094358
-0.844015 0.096665
-0.844015 0.073959
-0.844015 0.062283
-0.844015 0.022051
-0.844015 -0.002703
-0.844015 -0.041679
-0.844015 -0.071231
-0.844015 -0.123513
-0.844015 -0.158581
-0.844015 -0.188561
-0.844015 -0.225886
-0.844015 -0.266754
-0.844015 -0.295270
-0.844015 -0.324704
-0.844015 -0.353864
-0.844015 -0.382409
-0.844015 -0.405927
-0.844015 -0.417686
-0.844015 -0.440961
-0.844015 -0.456712
-0.844015 -0.486578
-0.844015 -0.487342
-0.844015 -0.501713
-0.844015 -0.523194
-0.844015 -0.528943
-0.844015 -0.539209
-0.844015 -0.547375
-0.844015 -0.557732
-0.844015 -0.560717
-0.844015 -0.577335
-0.844015 -0.573448
-0.844015 -0.570649
-0.844015 -0.578633
-0.844015 -0.591855
-0.844015 -0.600567
-0.844015 -0.596113
-0.844015 -0.600119
-0.844015 -0.606096
-0.844015 -0.596951
-0.844015 -0.612385
-0.844015 -0.600206
-0.844015 -0.599379
-0.844015 -0.605038
-0.844015 -0.598516
0.445281 -0.614640
0.445281 -0.618124
0.445281 -0.610205
0.445281 -0.614094
0.445281 -0.619490
0.445281 -0.606275
0.445281 -0.560601
0.445281 -0.462589
0.445281 -0.350471
0.445281 -0.243166
0.445281 -0.149050
0.445281 -0.090926
0.445281 -0.042512
0.445281 -0.001482
0.445281 0.034676
0.445281 0.053379
0.445281 0.072196
0.445281 0.089861
0.445281 0.109055
0.445281 0.115950
0.445281 0.116279
0.445281 0.126604
0.445281 0.134900
0.445281 0.138613
0.445281 0.151014
0.445281 0.155833
0.445281 0.153779
0.445281 0.147875
0.445281 0.157427
0.445281 0.151619
0.445281 0.165299
0.445281 0.163080
0.445281 0.160186
0.445281 0.164303
0.445281 0.155263
0.445281 0.164791
0.445281 0.167448
0.445281 0.161662
0.445281 0.156953
0.445281 0.161063
0.445281 0.165310
0.445281 0.166895
0.445281 0.164765
0.445281 0.168134
0.445281 0.162943
0.445281 0.176071
0.445281 0.178715
0.445281 0.159527
0.445281 0.177290
0.445281 0.175939
-0.683096 0.175467
-0.683096 0.168574
-0.683096 0.164701
-0.683096 0.177758
-0.683096 0.168043
-0.683096 0.165552
-0.683096 0.156873
-0.683096 0.153761
-0.683096 0.128337
-0.683096 0.100668
-0.683096 0.082021
-0.683096 0.040907
-0.683096 0.013423
-0.683096 -0.017484
-0.683096 -0.054893
-0.683096 -0.101394
-0.683096 -0.144031
-0.683096 -0.170438
-0.683096 -0.209818
-0.683096 -0.252222
-0.683096 -0.285942
-0.683096 -0.310077
-0.683096 -0.327244
-0.683096 -0.368458
-0.683096 -0.387361
-0.683096 -0.418194
-0.683096 -0.434518
-0.683096 -0.449057
-0.683096 -0.474285
-0.683096 -0.487285
-0.683096 -0.491086
-0.683096 -0.512853
-0.683096 -0.515819
-0.683096 -0.525531
-0.683096 -0.530827
-0.683096 -0.543733
-0.683096 -0.553586
-0.683096 -0.554266
-0.683096 -0.562597
-0.683096 -0.560115
-0.683096 -0.570429
-0.683096 -0.571505
-0.683096 -0.577697
-0.683096 -0.588063
-0.683096 -0.579864
-0.683096 -0.576958
-0.683096 -0.598593
-0.683096 -0.599487
-0.683096 -0.589487
-0.683096 -0.602168
-0.499437 -0.598108
-0.499437 -0.591270
-0.499437 -0.597459
-0.499437 -0.601312
-0.499437 -0.588940
-0.499437 -0.601816
-0.499437 -0.590537
-0.499437 -0.606421
-0.499437 -0.597732
-0.499437 -0.583385
-0.499437 -0.592854
-0.499437 -0.575482
-0.499437 -0.576119
-0.499437 -0.573514
-0.499437 -0.573307
-0.499437 -0.583680
-0.499437 -0.568897
-0.499437 -0.571793
-0.499437 -0.563672
-0.499437 -0.568170
-0.499437 -0.564795
-0.499437 -0.567695
-0.499437 -0.565700
-0.499437 -0.565056
-0.499437 -0.573822
-0.499437 -0.572097
-0.499437 -0.573461
-0.499437 -0.557158
-0.499437 -0.556738
-0.499437 -0.563131
-0.499437 -0.568219
-0.499437 -0.559660
-0.499437 -0.562033
-0.499437 -0.569393
-0.499437 -0.568554
-0.499437 -0.558806
-0.499437 -0.559638
-0.499437 -0.558398
-0.499437 -0.556559
-0.499437 -0.563384
-0.499437 -0.553879
-0.499437 -0.552779
-0.499437 -0.553396
-0.499437 -0.570402
-0.499437 -0.569478
-0.499437 -0.564226
-0.499437 -0.568017
-0.499437 -0.560609
-0.499437 -0.559702
-0.499437 -0.557103
-0.413025 -0.566090
-0.413025 -0.554334
-0.413025 -0.564324
-0.413025 -0.564227
-0.413025 -0.553627
-0.413025 -0.558105
-0.413025 -0.564047
-0.413025 -0.564494
-0.413025 -0.549438
-0.413025 -0.549174
-0.413025 -0.549677
-0.413025 -0.536727
-0.413025 -0.544330
-0.413025 -0.530397
-0.413025 -0.541961
-0.413025 -0.536743
-0.413025 -0.536317
-0.413025 -0.524490
-0.413025 -0.524841
-0.413025 -0.528016
-0.413025 -0.522404
-0.413025 -0.514062
-0.413025 -0.515728
-0.413025 -0.527130
-0.413025 -0.527324
-0.413025 -0.529215
-0.413025 -0.528783
-0.413025 -0.522826
-0.413025 -0.519637
-0.413025 -0.508703
-0.413025 -0.513458
-0.413025 -0.521218
-0.413025 -0.507730
-0.413025 -0.521344
-0.413025 -0.518395
-0.413025 -0.517709
-0.413025 -0.509782
-0.413025 -0.515551
-0.413025 -0.511466
-0.413025 -0.507014
-0.413025 -0.525326
-0.413025 -0.509059
-0.413025 -0.522492
-0.413025 -0.512031
-0.413025 -0.515547
-0.413025 -0.520087
-0.413025 -0.512029
-0.413025 -0.508831
-0.413025 -0.513431
-0.413025 -0.511037
0.393221 -0.524577
0.393221 -0.506618
0.393221 -0.510016
0.393221 -0.506985
0.393221 -0.514981
0.393221 -0.522910
0.393221 -0.474953
0.393221 -0.380473
0.393221 -0.296957
0.393221 -0.194172
0.393221 -0.123370
0.393221 -0.078277
0.393221 -0.020384
0.393221 0.007667
0.393221 0.032158
0.393221 0.051801
0.393221 0.067289
0.393221 0.093814
0.393221 0.095755
0.393221 0.118373
0.393221 0.115745
0.393221 0.134701
0.393221 0.136202
0.393221 0.130358
0.393221 0.138354
0.393221 0.152552
0.393221 0.152353
0.393221 0.149489
0.393221 0.158994
0.393221 0.155646
0.393221 0.156431
0.393221 0.159894
0.393221 0.151900
0.393221 0.151294
0.393221 0.157819
0.393221 0.165141
0.393221 0.155250
0.393221 0.172015
0.393221 0.167965
0.393221 0.161197
0.393221 0.167627
0.393221 0.172616
0.393221 0.174336
0.393221 0.156708
0.393221 0.159284
0.393221 0.168680
0.393221 0.160167
0.393221 0.156513
0.393221 0.169249
0.393221 0.160471
-0.071472 0.159255
-0.071472 0.163182
-0.071472 0.166104
-0.071472 0.161298
-0.071472 0.171998
-0.071472 0.161112
-0.071472 0.172414
-0.071472 0.147634
-0.071472 0.141273
-0.071472 0.136168
-0.071472 0.115324
-0.071472 0.102358
-0.071472 0.084982
-0.071472 0.076390
-0.071472 0.063863
-0.071472 0.052440
-0.071472 0.043011
-0.071472 0.025956
-0.071472 0.013597
-0.071472 0.009979
-0.071472 0.004862
-0.071472 -0.011599
-0.071472 -0.026914
-0.071472 -0.029760
-0.071472 -0.039715
-0.071472 -0.040413
-0.071472 -0.054367
-0.071472 -0.059877
-0.071472 -0.058654
-0.071472 -0.050154
-0.071472 -0.064974
-0.071472 -0.062555
-0.071472 -0.068498
-0.071472 -0.074002
-0.071472 -0.076823
-0.071472 -0.082235
-0.071472 -0.084409
-0.071472 -0.068243
-0.071472 -0.087687
-0.071472 -0.088989
-0.071472 -0.074527
-0.071472 -0.087052
-0.071472 -0.080195
-0.071472 -0.077801
-0.071472 -0.084529
-0.071472 -0.083884
-0.071472 -0.089209
-0.071472 -0.087066
-0.071472 -0.082692
-0.071472 -0.087697
-0.569876 -0.088152
-0.569876 -0.084556
-0.569876 -0.089427
-0.569876 -0.096297
-0.569876 -0.083769
-0.569876 -0.086483
-0.569876 -0.087191
-0.569876 -0.120792
-0.569876 -0.141661
-0.569876 -0.168170
-0.569876 -0.194590
-0.569876 -0.231767
-0.569876 -0.268561
-0.569876 -0.285534
-0.569876 -0.316308
-0.569876 -0.350062
-0.569876 -0.371795
-0.569876 -0.380622
-0.569876 -0.412691
-0.569876 -0.433364
-0.569876 -0.441388
-0.569876 -0.462122
-0.569876 -0.470510
-0.569876 -0.491185
-0.569876 -0.487976
-0.569876 -0.499079
-0.569876 -0.511828
-0.569876 -0.522549
-0.569876 -0.534835
-0.569876 -0.544185
-0.569876 -0.531555
-0.569876 -0.538226
-0.569876 -0.543687
-0.569876 -0.552415
-0.569876 -0.561766
-0.569876 -0.551831
-0.569876 -0.565231
-0.569876 -0.572935
-0.569876 -0.571156
-0.569876 -0.568022
-0.569876 -0.575781
-0.569876 -0.579664
-0.569876 -0.583172
-0.569876 -0.582850
-0.569876 -0.580321
-0.569876 -0.576882
-0.569876 -0.580585
-0.569876 -0.571848
-0.569876 -0.588230
-0.569876 -0.580995
-0.106347 -0.571735
-0.106347 -0.583858
-0.106347 -0.588868
-0.106347 -0.581268
-0.106347 -0.577667
-0.106347 -0.585950
-0.106347 -0.556310
-0.106347 -0.527014
-0.106347 -0.491074
-0.106347 -0.448314
-0.106347 -0.406868
-0.106347 -0.363275
-0.106347 -0.339691
-0.106347 -0.303487
-0.106347 -0.280871
-0.106347 -0.275056
-0.106347 -0.259357
-0.106347 -0.239569
-0.106347 -0.222999
-0.106347 -0.222785
-0.106347 -0.195580
-0.106347 -0.203515
-0.106347 -0.182670
-0.106347 -0.184023
-0.106347 -0.170864
-0.106347 -0.165121
-0.106347 -0.160564
-0.106347 -0.162035
-0.106347 -0.164838
-0.106347 -0.157736
-0.106347 -0.167448
-0.106347 -0.160808
-0.106347 -0.151485
-0.106347 -0.146610
-0.106347 -0.158673
-0.106347 -0.156875
-0.106347 -0.145426
-0.106347 -0.150933
-0.106347 -0.153919
-0.106347 -0.139759
-0.106347 -0.151335
-0.106347 -0.142239
-0.106347 -0.135385
-0.106347 -0.137755
-0.106347 -0.134734
-0.106347 -0.139694
-0.106347 -0.151240
-0.106347 -0.146093
-0.106347 -0.143352
-0.106347 -0.143797
-0.758242 -0.138360
-0.758242 -0.139995
-0.758242 -0.148810
-0.758242 -0.141561
-0.758242 -0.141312
-0.758242 -0.143206
-0.758242 -0.151859
-0.758242 -0.168305
-0.758242 -0.189531
-0.758242 -0.218736
-0.758242 -0.244443
-0.758242 -0.272599
-0.758242 -0.310499
-0.758242 -0.339833
-0.758242 -0.367939
-0.758242 -0.383900
-0.758242 -0.416898
-0.758242 -0.431156
-0.758242 -0.458562
-0.758242 -0.469946
-0.758242 -0.486165
-0.758242 -0.493728
-0.758242 -0.516353
-0.758242 -0.512377
-0.758242 -0.536703
-0.758242 -0.548209
-0.758242 -0.558139
-0.758242 -0.550929
-0.758242 -0.564987
-0.758242 -0.575289
-0.758242 -0.567537
-0.758242 -0.586321
-0.758242 -0.588902
-0.758242 -0.579970
-0.758242 -0.582820
-0.758242 -0.589992
-0.758242 -0.597089
-0.758242 -0.593391
-0.758242 -0.595000
-0.758242 -0.602278
-0.758242 -0.601401
-0.758242 -0.602535
-0.758242 -0.603818
-0.758242 -0.595317
-0.758242 -0.608783
-0.758242 -0.604073
-0.758242 -0.607689
-0.758242 -0.600738
-0.758242 -0.606840
-0.758242 -0.605152
0.835374 -0.609277
0.835374 -0.604489
0.835374 -0.603387
0.835374 -0.614852
0.835374 -0.615413
0.835374 -0.610621
0.835374 -0.555808
0.835374 -0.441872
0.835374 -0.328965
0.835374 -0.223955
0.835374 -0.153546
0.835374 -0.074810
0.835374 -0.025282
0.835374 0.009478
0.835374 0.044530
0.835374 0.069379
0.835374 0.086943
0.835374 0.090528
0.835374 0.105023
0.835374 0.114999
0.835374 0.127425
0.835374 0.140136
0.835374 0.143588
0.835374 0.143159
0.835374 0.154665
0.835374 0.154165
0.835374 0.148843
0.835374 0.166148
0.835374 0.159203
0.835374 0.166242
0.835374 0.169452
0.835374 0.170079
0.835374 0.170701
0.835374 0.171070
0.835374 0.177732
0.835374 0.165758
0.835374 0.168259
0.835374 0.180851
0.835374 0.166346
0.835374 0.172044
0.835374 0.177921
0.835374 0.169193
0.835374 0.173067
0.835374 0.183421
0.835374 0.172116
0.835374 0.176843
0.835374 0.169702
0.835374 0.174267
0.835374 0.172316
0.835374 0.181219
0.132893 0.171266
0.132893 0.175113
0.132893 0.183063
0.132893 0.171812
0.132893 0.178102
0.132893 0.177596
0.132893 0.169441
0.132893 0.173053
0.132893 0.178837
0.132893 0.158393
0.132893 0.164647
0.132893 0.160048
0.132893 0.144131
0.132893 0.154660
0.132893 0.149087
0.132893 0.147268
0.132893 0.144066
0.132893 0.141524
0.132893 0.137513
0.132893 0.122054
0.132893 0.118508
0.132893 0.131052
0.132893 0.125256
0.132893 0.121152
0.132893 0.108051
0.132893 0.118402
0.132893 0.123712
0.132893 0.116723
0.132893 0.109307
0.132893 0.102103
0.132893 0.116838
0.132893 0.108294
0.132893 0.116369
0.132893 0.109337
0.132893 0.107975
0.132893 0.113567
0.132893 0.106871
0.132893 0.112699
0.132893 0.114771
0.132893 0.106010
0.132893 0.115283
0.132893 0.110706
0.132893 0.111776
0.132893 0.101865
0.132893 0.097492
0.132893 0.111071
0.132893 0.105805
0.132893 0.110955
0.132893 0.109998
0.132893 0.108662
-0.055961 0.096135
-0.055961 0.099995
-0.055961 0.106602
-0.055961 0.111673
-0.055961 0.113001
-0.055961 0.097997
-0.055961 0.102296
-0.055961 0.089493
-0.055961 0.082340
-0.055961 0.073058
-0.055961 0.071442
-0.055961 0.050633
-0.055961 0.036285
-0.055961 0.042172
-0.055961 0.020604
-0.055961 0.007862
-0.055961 0.000450
-0.055961 -0.010057
-0.055961 -0.017181
-0.055961 -0.010055
-0.055961 -0.028353
-0.055961 -0.025479
-0.055961 -0.030764
-0.055961 -0.026630
-0.055961 -0.037428
-0.055961 -0.036359
-0.055961 -0.052966
-0.055961 -0.038305
-0.055961 -0.051309
-0.055961 -0.043530
-0.055961 -0.045911
-0.055961 -0.064814
-0.055961 -0.064586
-0.055961 -0.062928
-0.055961 -0.065115
-0.055961 -0.062245
-0.055961 -0.063217
-0.055961 -0.055982
-0.055961 -0.062685
-0.055961 -0.072919
-0.055961 -0.063407
-0.055961 -0.066539
-0.055961 -0.069441
-0.055961 -0.074095
-0.055961 -0.065695
-0.055961 -0.066143
-0.055961 -0.057070
-0.055961 -0.064874
-0.055961 -0.060598
-0.055961 -0.067559
-0.370867 -0.059871
-0.370867 -0.069573
-0.370867 -0.071669
-0.370867 -0.065845
-0.370867 -0.068551
-0.370867 -0.060309
-0.370867 -0.082575
-0.370867 -0.097619
-0.370867 -0.119028
-0.370867 -0.130892
-0.370867 -0.168598
-0.370867 -0.184985
-0.370867 -0.218917
-0.370867 -0.235176
-0.370867 -0.256623
-0.370867 -0.276958
-0.370867 -0.310846
-0.370867 -0.328037
-0.370867 -0.331871
-0.370867 -0.362702
-0.370867 -0.364145
-0.370867 -0.388220
-0.370867 -0.388192
-0.370867 -0.396354
-0.370867 -0.405660
-0.370867 -0.422633
-0.370867 -0.420120
-0.370867 -0.423925
-0.370867 -0.437657
-0.370867 -0.450497
-0.370867 -0.445386
-0.370867 -0.451328
-0.370867 -0.458245
-0.370867 -0.457299
-0.370867 -0.464890
-0.370867 -0.468490
-0.370867 -0.468930
-0.370867 -0.473261
-0.370867 -0.475301
-0.370867 -0.472956
-0.370867 -0.470206
-0.370867 -0.483192
-0.370867 -0.483231
-0.370867 -0.484306
-0.370867 -0.476482
-0.370867 -0.478029
-0.370867 -0.486316
-0.370867 -0.469945
-0.370867 -0.483558
-0.370867 -0.484881
-0.913569 -0.488350
-0.913569 -0.478570
-0.913569 -0.475684
-0.913569 -0.475688
-0.913569 -0.480695
-0.913569 -0.473071
-0.913569 -0.475450
-0.913569 -0.495099
-0.913569 -0.493600
-0.913569 -0.510319
-0.913569 -0.526553
-0.913569 -0.528511
-0.913569 -0.547795
-0.913569 -0.542663
-0.913569 -0.551892
-0.913569 -0.554846
-0.913569 -0.578631
-0.913569 -0.583351
-0.913569 -0.582452
-0.913569 -0.576516
-0.913569 -0.586954
-0.913569 -0.595457
-0.913569 -0.600778
-0.913569 -0.589521
-0.913569 -0.595974
-0.913569 -0.609902
-0.913569 -0.597537
-0.913569 -0.601273
-0.913569 -0.600843
-0.913569 -0.618702
-0.913569 -0.606630
-0.913569 -0.601885
-0.913569 -0.613699
-0.913569 -0.618155
-0.913569 -0.616106
-0.913569 -0.608659
-0.913569 -0.623894
-0.913569 -0.616429
-0.913569 -0.624023
-0.913569 -0.617892
-0.913569 -0.618096
-0.913569 -0.621636
-0.913569 -0.625671
-0.913569 -0.618505
-0.913569 -0.614427
-0.913569 -0.625320
-0.913569 -0.614817
-0.913569 -0.623038
-0.913569 -0.618838
-0.913569 -0.608680
0.504890 -0.616865
0.504890 -0.627577
0.504890 -0.610508
0.504890 -0.627765
0.504890 -0.622823
0.504890 -0.616476
0.504890 -0.569200
0.504890 -0.453758
0.504890 -0.339767
0.504890 -0.243314
0.504890 -0.148828
0.504890 -0.099429
0.504890 -0.048430
0.504890 0.009076
0.504890 0.026651
0.504890 0.064709
0.504890 0.072036
0.504890 0.094325
0.504890 0.107186
0.504890 0.120909
0.504890 0.127777
0.504890 0.138123
0.504890 0.137007
0.504890 0.143469
0.504890 0.154157
0.504890 0.156133
0.504890 0.148950
0.504890 0.157104
0.504890 0.149821
0.504890 0.161238
0.504890 0.156794
0.504890 0.159585
0.504890 0.169158
0.504890 0.157733
0.504890 0.171742
0.504890 0.170530
0.504890 0.161664
0.504890 0.172619
0.504890 0.159939
0.504890 0.178986
0.504890 0.164263
0.504890 0.168064
0.504890 0.165533
0.504890 0.178117
0.504890 0.180847
0.504890 0.178869
0.504890 0.169546
0.504890 0.180982
0.504890 0.177903
0.504890 0.172730
0.086538 0.175033
0.086538 0.163216
0.086538 0.180459
0.086538 0.168955
0.086538 0.179767
0.086538 0.179811
0.086538 0.170355
0.086538 0.175661
0.086538 0.160724
0.086538 0.151967
0.086538 0.153662
0.086538 0.143815
0.086538 0.128583
0.086538 0.137314
0.086538 0.133190
0.086538 0.125713
0.086538 0.126831
0.086538 0.123546
0.086538 0.100470
0.086538 0.104524
0.086538 0.103826
0.086538 0.101291
0.086538 0.100208
0.086538 0.088827
0.086538 0.093815
0.086538 0.085667
0.086538 0.095425
0.086538 0.091207
0.086538 0.094921
0.086538 0.086108
0.086538 0.081736
0.086538 0.080540
0.086538 0.081454
0.086538 0.087832
0.086538 0.075753
0.086538 0.074371
0.086538 0.073111
0.086538 0.072527
0.086538 0.085559
0.086538 0.084479
0.086538 0.072649
0.086538 0.083558
0.086538 0.087196
0.086538 0.081641
0.086538 0.073365
0.086538 0.083488
0.086538 0.082987
0.086538 0.081796
0.086538 0.087393
0.086538 0.070419
0.534381 0.070377
0.534381 0.074714
0.534381 0.085467
0.534381 0.072197
0.534381 0.073825
0.534381 0.083095
0.534381 0.075440
0.534381 0.088276
0.534381 0.089964
0.534381 0.105835
0.534381 0.119097
0.534381 0.116322
0.534381 0.138822
0.534381 0.145202
0.534381 0.142710
0.534381 0.145043
0.534381 0.149174
0.534381 0.154023
0.534381 0.163204
0.534381 0.166641
0.534381 0.159949
0.534381 0.161942
0.534381 0.154611
0.534381 0.157616
0.534381 0.160321
0.534381 0.160402
0.534381 0.172669
0.534381 0.166744
0.534381 0.159275
0.534381 0.179484
0.534381 0.161797
0.534381 0.174608
0.534381 0.180178
0.534381 0.172129
0.534381 0.167887
0.534381 0.165674
0.534381 0.179634
0.534381 0.169948
0.534381 0.169799
0.534381 0.171816
0.534381 0.171328
0.534381 0.169318
0.534381 0.163836
0.534381 0.176741
0.534381 0.176441
0.534381 0.173523
0.534381 0.174569
0.534381 0.169636
0.534381 0.183576
0.534381 0.168573
0.580898 0.177452
0.580898 0.179064
0.580898 0.172354
0.580898 0.170216
0.580898 0.172822
0.580898 0.167724
0.580898 0.178755
0.580898 0.180896
0.580898 0.176151
0.580898 0.179604
0.580898 0.165803
0.580898 0.177395
0.580898 0.178965
0.580898 0.176607
0.580898 0.172643
0.580898 0.183648
0.580898 0.173077
0.580898 0.173537
0.580898 0.177866
0.580898 0.183939
0.580898 0.170111
0.580898 0.181944
0.580898 0.177850
0.580898 0.182539
0.580898 0.184657
0.580898 0.185033
0.580898 0.166645
0.580898 0.167263
0.580898 0.173743
0.580898 0.167103
0.580898 0.184078
0.580898 0.182901
0.580898 0.185154
0.580898 0.178027
0.580898 0.179703
0.580898 0.182526
0.580898 0.174551
0.580898 0.176571
0.580898 0.176314
0.580898 0.180053
0.580898 0.173585
0.580898 0.168509
0.580898 0.179652
0.580898 0.172849
0.580898 0.181564
0.580898 0.169171
0.580898 0.166370
0.580898 0.180865
0.580898 0.184534
0.580898 0.172090
-0.855557 0.171476
-0.855557 0.173966
-0.855557 0.181537
-0.855557 0.178079
-0.855557 0.179088
-0.855557 0.170935
-0.855557 0.173914
-0.855557 0.156040
-0.855557 0.144321
-0.855557 0.118046
-0.855557 0.083283
-0.855557 0.047404
-0.855557 0.032260
-0.855557 -0.011189
-0.855557 -0.058568
-0.855557 -0.095109
-0.855557 -0.135218
-0.855557 -0.160552
-0.855557 -0.207303
-0.855557 -0.231757
-0.855557 -0.272081
-0.855557 -0.304618
-0.855557 -0.332385
-0.855557 -0.356151
-0.855557 -0.397979
-0.855557 -0.406879
-0.855557 -0.440467
-0.855557 -0.460800
-0.855557 -0.478996
-0.855557 -0.486648
-0.855557 -0.492134
-0.855557 -0.507745
-0.855557 -0.527004
-0.855557 -0.545487
-0.855557 -0.536751
-0.855557 -0.547014
-0.855557 -0.569605
-0.855557 -0.567861
-0.855557 -0.573893
-0.855557 -0.576592
-0.855557 -0.579279
-0.855557 -0.586520
-0.855557 -0.593015
-0.855557 -0.602080
-0.855557 -0.599907
-0.855557 -0.598371
-0.855557 -0.599757
-0.855557 -0.605889
-0.855557 -0.606906
-0.855557 -0.604771
0.319432 -0.598349
0.319432 -0.612061
0.319432 -0.602938
0.319432 -0.600635
0.319432 -0.606213
0.319432 -0.619843
0.319432 -0.559460
0.319432 -0.456067
0.319432 -0.355106
0.319432 -0.259719
0.319432 -0.173399
0.319432 -0.105737
0.319432 -0.056616
0.319432 -0.023643
0.319432 0.019844
0.319432 0.038598
0.319432 0.054451
0.319432 0.064117
0.319432 0.095635
0.319432 0.103319
0.319432 0.109821
0.319432 0.112026
0.319432 0.120622
0.319432 0.123973
0.319432 0.121513
0.319432 0.126578
0.319432 0.133245
0.319432 0.139586
0.319432 0.141155
0.319432 0.138259
0.319432 0.141590
0.319432 0.138476
0.319432 0.150106
0.319432 0.151524
0.319432 0.146443
0.319432 0.155221
0.319432 0.144744
0.319432 0.146571
0.319432 0.150406
0.319432 0.147405
0.319432 0.161061
0.319432 0.156067
0.319432 0.151732
0.319432 0.157506
0.319432 0.155105
0.319432 0.162154
0.319432 0.148589
0.319432 0.167184
0.319432 0.159630
0.319432 0.150117
-0.893401 0.162085
-0.893401 0.163406
-0.893401 0.149937
-0.893401 0.167824
-0.893401 0.148793
-0.893401 0.152514
-0.893401 0.154151
-0.893401 0.149172
-0.893401 0.123611
-0.893401 0.089318
-0.893401 0.064536
-0.893401 0.030347
-0.893401 -0.005079
-0.893401 -0.039014
-0.893401 -0.075290
-0.893401 -0.128363
-0.893401 -0.151870
-0.893401 -0.202721
-0.893401 -0.230603
-0.893401 -0.265863
-0.893401 -0.298441
-0.893401 -0.331763
-0.893401 -0.357114
-0.893401 -0.379227
-0.893401 -0.409986
-0.893401 -0.436140
-0.893401 -0.439498
-0.893401 -0.462800
-0.893401 -0.490652
-0.893401 -0.498819
-0.893401 -0.501261
-0.893401 -0.522677
-0.893401 -0.528606
-0.893401 -0.547062
-0.893401 -0.560021
-0.893401 -0.552678
-0.893401 -0.558982
-0.893401 -0.575173
-0.893401 -0.584237
-0.893401 -0.590672
-0.893401 -0.582483
-0.893401 -0.593035
-0.893401 -0.594255
-0.893401 -0.597411
-0.893401 -0.592954
-0.893401 -0.603967
-0.893401 -0.600455
-0.893401 -0.597194
-0.893401 -0.608793
-0.893401 -0.616658
0.370049 -0.608930
0.370049 -0.602211
0.370049 -0.603198
0.370049 -0.608414
0.370049 -0.611327
0.370049 -0.614089
0.370049 -0.555104
0.370049 -0.455770
0.370049 -0.346106
0.370049 -0.253665
0.370049 -0.168902
0.370049 -0.103005
0.370049 -0.057691
0.370049 -0.016705
0.370049 0.024748
0.370049 0.036055
0.370049 0.061540
0.370049 0.084506
0.370049 0.094018
0.370049 0.101041
0.370049 0.103453
0.370049 0.128273
0.370049 0.125939
0.370049 0.137549
0.370049 0.130521
0.370049 0.148185
0.370049 0.145073
0.370049 0.142656
0.370049 0.140470
0.370049 0.155333
0.370049 0.154275
0.370049 0.159244
0.370049 0.149668
0.370049 0.156765
0.370049 0.160482
0.370049 0.165174
0.370049 0.161436
0.370049 0.151222
0.370049 0.165214
0.370049 0.163644
0.370049 0.153813
0.370049 0.168293
0.370049 0.156815
0.370049 0.155983
0.370049 0.172322
0.370049 0.172845
0.370049 0.172890
0.370049 0.161415
0.370049 0.155937
0.370049 0.172891
-0.113298 0.159393
-0.113298 0.153979
-0.113298 0.170019
-0.113298 0.167106
-0.113298 0.163968
-0.113298 0.163730
-0.113298 0.151716
-0.113298 0.160274
-0.113298 0.132958
-0.113298 0.123346
-0.113298 0.101511
-0.113298 0.088053
-0.113298 0.083564
-0.113298 0.050587
-0.113298 0.046329
-0.113298 0.020697
-0.113298 0.002339
-0.113298 0.004526
-0.113298 -0.012272
-0.113298 -0.021169
-0.113298 -0.043690
-0.113298 -0.049106
-0.113298 -0.058742
-0.113298 -0.066215
-0.113298 -0.076532
-0.113298 -0.085322
-0.113298 -0.096348
-0.113298 -0.092899
-0.113298 -0.100407
-0.113298 -0.106031
-0.113298 -0.111997
-0.113298 -0.119329
-0.113298 -0.128568
-0.113298 -0.123127
-0.113298 -0.120823
-0.113298 -0.129324
-0.113298 -0.129137
-0.113298 -0.137321
-0.113298 -0.129089
-0.113298 -0.146368
-0.113298 -0.133729
-0.113298 -0.142770
-0.113298 -0.135835
-0.113298 -0.150170
-0.113298 -0.144507
-0.113298 -0.148419
-0.113298 -0.147024
-0.113298 -0.139891
-0.113298 -0.153827
-0.113298 -0.149673
-0.064008 -0.140494
-0.064008 -0.156395
-0.064008 -0.156362
-0.064008 -0.142466
-0.064008 -0.149202
-0.064008 -0.144161
-0.064008 -0.141830
-0.064008 -0.148023
-0.064008 -0.136507
-0.064008 -0.132701
-0.064008 -0.127444
-0.064008 -0.118061
-0.064008 -0.120581
-0.064008 -0.111004
-0.064008 -0.106195
-0.064008 -0.111039
-0.064008 -0.092297
-0.064008 -0.090447
-0.064008 -0.088764
-0.064008 -0.097367
-0.064008 -0.086412
-0.064008 -0.099865
-0.064008 -0.093991
-0.064008 -0.095614
-0.064008 -0.089605
-0.064008 -0.081680
-0.064008 -0.094834
-0.064008 -0.076996
-0.064008 -0.081021
-0.064008 -0.079569
-0.064008 -0.085997
-0.064008 -0.089373
-0.064008 -0.072200
-0.064008 -0.076573
-0.064008 -0.077066
-0.064008 -0.076247
-0.064008 -0.081963
-0.064008 -0.086385
-0.064008 -0.090001
-0.064008 -0.080030
-0.064008 -0.089813
-0.064008 -0.070922
-0.064008 -0.084413
-0.064008 -0.087369
-0.064008 -0.076870
-0.064008 -0.071135
-0.064008 -0.076112
-0.064008 -0.078306
-0.064008 -0.087989
-0.064008 -0.084561
0.322119 -0.081984
0.322119 -0.086691
0.322119 -0.074551
0.322119 -0.088564
0.322119 -0.084250
0.322119 -0.089164
0.322119 -0.074631
0.322119 -0.054623
0.322119 -0.013130
0.322119 0.012110
0.322119 0.037043
0.322119 0.045719
0.322119 0.059376
0.322119 0.079749
0.322119 0.085818
0.322119 0.093636
0.322119 0.112051
0.322119 0.123774
0.322119 0.121077
0.322119 0.125947
0.322119 0.136004
0.322119 0.137825
0.322119 0.146506
0.322119 0.149331
0.322119 0.147614
0.322119 0.148666
0.322119 0.137706
0.322119 0.153954
0.322119 0.157404
0.322119 0.154806
0.322119 0.156093
0.322119 0.143453
0.322119 0.152994
0.322119 0.158710
0.322119 0.151850
0.322119 0.151175
0.322119 0.152207
0.322119 0.160164
0.322119 0.164081
0.322119 0.157122
0.322119 0.159720
0.322119 0.148099
0.322119 0.158458
0.322119 0.160106
0.322119 0.156396
0.322119 0.156391
0.322119 0.157556
0.322119 0.149594
0.322119 0.150166
0.322119 0.162212
0.379933 0.155294
0.379933 0.156952
0.379933 0.156007
0.379933 0.152051
0.379933 0.168384
0.379933 0.164516
0.379933 0.152600
0.379933 0.158285
0.379933 0.156110
0.379933 0.168346
0.379933 0.160120
0.379933 0.158500
0.379933 0.155465
0.379933 0.163061
0.379933 0.155418
0.379933 0.167597
0.379933 0.161427
0.379933 0.173217
0.379933 0.158223
0.379933 0.156407
0.379933 0.162070
0.379933 0.160442
0.379933 0.172465
0.379933 0.162979
0.379933 0.155926
0.379933 0.157298
0.379933 0.159344
0.379933 0.174429
0.379933 0.163299
0.379933 0.165037
0.379933 0.174221
0.379933 0.170022
0.379933 0.167330
0.379933 0.173763
0.379933 0.174985
0.379933 0.162422
0.379933 0.173432
0.379933 0.161525
0.379933 0.168291
0.379933 0.173892
0.379933 0.169755
0.379933 0.168883
0.379933 0.165953
0.379933 0.171829
0.379933 0.161151
0.379933 0.157106
0.379933 0.171978
0.379933 0.171004
0.379933 0.169791
0.379933 0.163863
0.000000 0.000000
