0.000000 0.000000
0.000000 0.000000
0.000000 0.000000
0.000000 0.000000
0.000000 0.000000
0.000000 -0.005559
0.000000 0.003647
0.000000 0.007561
0.000000 0.005934
0.000000 -0.001360
0.000000 0.008358
0.000000 0.005637
0.000000 0.004515
0.000000 -0.007503
0.000000 0.008326
0.000000 -0.002246
0.000000 -0.004101
0.000000 0.002335
0.000000 -0.000643
0.000000 -0.004893
0.000000 0.006780
0.000000 -0.006428
0.000000 -0.005458
0.000000 0.003198
0.000000 -0.000418
0.000000 -0.008531
0.000000 -0.007221
0.000000 -0.007754
0.000000 -0.000444
0.000000 0.000806
0.000000 0.009161
0.000000 0.001676
0.000000 0.000533
0.000000 0.008445
0.000000 0.008385
0.000000 -0.004960
0.000000 0.003653
0.000000 0.009286
0.000000 -0.005461
0.000000 0.004320
0.000000 0.005955
0.000000 0.008735
0.000000 0.007074
0.000000 -0.001569
0.000000 -0.009891
0.000000 -0.009303
0.000000 -0.009722
0.000000 0.001778
0.000000 -0.002340
0.000000 -0.007704
0.000000 0.007289
0.000000 0.006433
0.000000 0.004750
0.000000 0.006807
0.000000 -0.001969
0.000000 0.004972
0.000000 0.001193
0.000000 0.002265
0.000000 -0.004038
0.000000 0.002048
0.000000 -0.001486
0.000000 0.000771
0.000000 -0.000265
0.000000 -0.000002
0.000000 0.008349
0.000000 -0.004742
0.000000 -0.009006
0.000000 -0.000746
0.000000 -0.001836
0.000000 -0.000259
0.000000 -0.008590
0.000000 0.001642
0.000000 0.009740
0.000000 -0.005818
0.000000 -0.005752
0.000000 0.009223
0.000000 0.004139
0.000000 0.001859
0.000000 -0.002383
0.000000 0.002775
0.000000 0.000049
0.000000 -0.008204
0.000000 -0.004057
0.000000 0.006563
0.000000 -0.006491
0.000000 0.008090
0.000000 0.001766
0.000000 -0.009669
0.000000 -0.002600
0.000000 -0.009157
0.000000 -0.007454
0.000000 -0.006415
0.000000 -0.006671
0.000000 0.007674
0.000000 0.008119
0.000000 -0.005292
0.000000 -0.001855
0.000000 -0.000577
0.000000 0.006605
-0.010797 -0.004160
-0.010797 -0.006523
-0.010797 -0.000837
-0.010797 0.008049
-0.010797 0.001899
-0.010797 -0.001748
-0.010797 -0.002188
-0.010797 -0.004826
-0.010797 -0.005514
-0.010797 -0.004504
-0.010797 -0.000967
-0.010797 0.001298
-0.010797 -0.014679
-0.010797 -0.001470
-0.010797 -0.001378
-0.010797 -0.012541
-0.010797 0.001737
-0.010797 -0.004941
-0.010797 -0.001009
-0.010797 -0.014378
-0.010797 -0.018537
-0.010797 -0.005670
-0.010797 -0.000979
-0.010797 -0.019897
-0.010797 -0.002294
-0.010797 -0.006170
-0.010797 -0.001786
-0.010797 -0.015571
-0.010797 -0.017746
-0.010797 -0.014814
-0.010797 -0.015818
-0.010797 -0.011636
-0.010797 -0.018908
-0.010797 -0.006825
-0.010797 -0.018841
-0.010797 -0.010286
-0.010797 -0.011078
-0.010797 -0.017114
-0.010797 -0.012282
-0.010797 -0.012557
-0.010797 -0.005758
-0.010797 -0.021532
-0.010797 -0.007669
-0.010797 -0.016924
-0.010797 -0.008750
-0.010797 -0.009247
-0.010797 -0.020849
-0.010797 -0.007622
-0.010797 -0.015212
-0.010797 -0.011026
-0.543834 -0.007141
-0.543834 -0.018464
-0.543834 -0.017026
-0.543834 -0.019368
-0.543834 -0.019035
-0.543834 -0.003274
-0.543834 -0.010422
-0.543834 -0.045826
-0.543834 -0.070285
-0.543834 -0.101806
-0.543834 -0.134088
-0.543834 -0.153262
-0.543834 -0.197351
-0.543834 -0.224550
-0.543834 -0.263145
-0.543834 -0.287670
-0.543834 -0.302232
-0.543834 -0.329791
-0.543834 -0.354343
-0.543834 -0.385882
-0.543834 -0.399591
-0.543834 -0.431092
-0.543834 -0.438336
-0.543834 -0.461018
-0.543834 -0.462075
-0.543834 -0.480102
-0.543834 -0.493139
-0.543834 -0.494351
-0.543834 -0.512788
-0.543834 -0.516082
-0.543834 -0.532544
-0.543834 -0.538703
-0.543834 -0.532908
-0.543834 -0.542046
-0.543834 -0.545904
-0.543834 -0.549917
-0.543834 -0.554420
-0.543834 -0.560178
-0.543834 -0.546667
-0.543834 -0.553096
-0.543834 -0.551233
-0.543834 -0.562005
-0.543834 -0.569371
-0.543834 -0.565875
-0.543834 -0.565064
-0.543834 -0.567963
-0.543834 -0.570371
-0.543834 -0.574825
-0.543834 -0.579467
-0.543834 -0.568433
-0.489052 -0.576875
-0.489052 -0.578608
-0.489052 -0.572695
-0.489052 -0.575711
-0.489052 -0.565355
-0.489052 -0.582973
-0.489052 -0.576236
-0.489052 -0.572896
-0.489052 -0.569994
-0.489052 -0.564043
-0.489052 -0.560959
-0.489052 -0.568047
-0.489052 -0.574295
-0.489052 -0.560607
-0.489052 -0.564373
-0.489052 -0.559207
-0.489052 -0.565311
-0.489052 -0.567873
-0.489052 -0.564370
-0.489052 -0.559634
-0.489052 -0.550895
-0.489052 -0.551320
-0.489052 -0.555122
-0.489052 -0.551603
-0.489052 -0.564056
-0.489052 -0.552322
-0.489052 -0.553341
-0.489052 -0.564025
-0.489052 -0.564790
-0.489052 -0.560232
-0.489052 -0.560428
-0.489052 -0.565095
-0.489052 -0.563802
-0.489052 -0.553947
-0.489052 -0.548090
-0.489052 -0.561835
-0.489052 -0.564690
-0.489052 -0.551118
-0.489052 -0.556991
-0.489052 -0.554481
-0.489052 -0.548717
-0.489052 -0.558823
-0.489052 -0.564451
-0.489052 -0.560253
-0.489052 -0.566157
-0.489052 -0.554676
-0.489052 -0.554831
-0.489052 -0.552686
-0.489052 -0.553086
-0.489052 -0.561772
-0.207340 -0.554752
-0.207340 -0.562513
-0.207340 -0.553357
-0.207340 -0.553468
-0.207340 -0.562412
-0.207340 -0.565956
-0.207340 -0.542735
-0.207340 -0.539729
-0.207340 -0.504780
-0.207340 -0.479319
-0.207340 -0.459461
-0.207340 -0.434972
-0.207340 -0.421144
-0.207340 -0.411557
-0.207340 -0.395138
-0.207340 -0.387598
-0.207340 -0.363914
-0.207340 -0.361839
-0.207340 -0.354337
-0.207340 -0.343655
-0.207340 -0.333111
-0.207340 -0.324206
-0.207340 -0.331676
-0.207340 -0.329347
-0.207340 -0.316083
-0.207340 -0.309904
-0.207340 -0.323610
-0.207340 -0.316594
-0.207340 -0.311482
-0.207340 -0.312885
-0.207340 -0.306577
-0.207340 -0.297512
-0.207340 -0.300562
-0.207340 -0.309625
-0.207340 -0.302410
-0.207340 -0.291585
-0.207340 -0.303736
-0.207340 -0.305425
-0.207340 -0.302798
-0.207340 -0.288947
-0.207340 -0.299838
-0.207340 -0.302905
-0.207340 -0.299769
-0.207340 -0.294079
-0.207340 -0.296451
-0.207340 -0.292618
-0.207340 -0.293733
-0.207340 -0.290374
-0.207340 -0.287948
-0.207340 -0.286803
-0.245370 -0.298650
-0.245370 -0.286779
-0.245370 -0.298354
-0.245370 -0.298279
-0.245370 -0.285289
-0.245370 -0.294200
-0.245370 -0.292627
-0.245370 -0.301213
-0.245370 -0.294366
-0.245370 -0.295843
-0.245370 -0.303650
-0.245370 -0.316372
-0.245370 -0.322979
-0.245370 -0.314009
-0.245370 -0.328656
-0.245370 -0.321058
-0.245370 -0.322254
-0.245370 -0.339099
-0.245370 -0.337287
-0.245370 -0.337858
-0.245370 -0.342078
-0.245370 -0.335189
-0.245370 -0.340502
-0.245370 -0.342271
-0.245370 -0.332255
-0.245370 -0.344286
-0.245370 -0.341006
-0.245370 -0.350442
-0.245370 -0.351287
-0.245370 -0.340916
-0.245370 -0.348951
-0.245370 -0.346966
-0.245370 -0.349810
-0.245370 -0.348028
-0.245370 -0.335518
-0.245370 -0.337871
-0.245370 -0.341021
-0.245370 -0.343337
-0.245370 -0.338463
-0.245370 -0.345053
-0.245370 -0.338151
-0.245370 -0.341237
-0.245370 -0.352116
-0.245370 -0.341100
-0.245370 -0.342872
-0.245370 -0.347056
-0.245370 -0.349038
-0.245370 -0.342639
-0.245370 -0.351061
-0.245370 -0.349213
0.993148 -0.348408
0.993148 -0.342153
0.993148 -0.345936
0.993148 -0.337774
0.993148 -0.337861
0.993148 -0.349310
0.993148 -0.313261
0.993148 -0.239993
0.993148 -0.175072
0.993148 -0.105227
0.993148 -0.064243
0.993148 -0.012420
0.993148 0.026291
0.993148 0.053847
0.993148 0.065649
0.993148 0.080908
0.993148 0.111670
0.993148 0.110708
0.993148 0.133520
0.993148 0.129547
0.993148 0.134486
0.993148 0.143078
0.993148 0.154813
0.993148 0.146041
0.993148 0.158335
0.993148 0.166854
0.993148 0.156977
0.993148 0.155324
0.993148 0.164618
0.993148 0.163646
0.993148 0.167249
0.993148 0.164794
0.993148 0.162834
0.993148 0.166645
0.993148 0.169373
0.993148 0.174479
0.993148 0.178789
0.993148 0.183470
0.993148 0.179968
0.993148 0.173929
0.993148 0.166791
0.993148 0.184412
0.993148 0.174306
0.993148 0.168557
0.993148 0.178628
0.993148 0.172603
0.993148 0.168598
0.993148 0.183694
0.993148 0.178383
0.993148 0.170057
-0.183606 0.172010
-0.183606 0.181118
-0.183606 0.183313
-0.183606 0.172032
-0.183606 0.175544
-0.183606 0.180458
-0.183606 0.165426
-0.183606 0.163705
-0.183606 0.155359
-0.183606 0.139917
-0.183606 0.110158
-0.183606 0.088656
-0.183606 0.078701
-0.183606 0.054376
-0.183606 0.021160
-0.183606 0.005739
-0.183606 -0.011447
-0.183606 -0.031526
-0.183606 -0.063745
-0.183606 -0.077749
-0.183606 -0.099619
-0.183606 -0.107952
-0.183606 -0.114203
-0.183606 -0.135808
-0.183606 -0.141367
-0.183606 -0.162123
-0.183606 -0.167821
-0.183606 -0.188326
-0.183606 -0.191657
-0.183606 -0.205166
-0.183606 -0.200807
-0.183606 -0.207444
-0.183606 -0.206575
-0.183606 -0.219648
-0.183606 -0.231864
-0.183606 -0.219131
-0.183606 -0.236473
-0.183606 -0.229668
-0.183606 -0.230414
-0.183606 -0.235230
-0.183606 -0.233461
-0.183606 -0.248735
-0.183606 -0.250584
-0.183606 -0.250265
-0.183606 -0.252308
-0.183606 -0.241617
-0.183606 -0.252096
-0.183606 -0.252910
-0.183606 -0.254227
-0.183606 -0.243172
0.543788 -0.261489
0.543788 -0.258761
0.543788 -0.263516
0.543788 -0.246864
0.543788 -0.253690
0.543788 -0.261889
0.543788 -0.232884
0.543788 -0.180496
0.543788 -0.125890
0.543788 -0.082634
0.543788 -0.019226
0.543788 0.017121
0.543788 0.035713
0.543788 0.062026
0.543788 0.069619
0.543788 0.097002
0.543788 0.113844
0.543788 0.124105
0.543788 0.134696
0.543788 0.127556
0.543788 0.146523
0.543788 0.150908
0.543788 0.150261
0.543788 0.147192
0.543788 0.153372
0.543788 0.160686
0.543788 0.168036
0.543788 0.170730
0.543788 0.157559
0.543788 0.166875
0.543788 0.161922
0.543788 0.163441
0.543788 0.167297
0.543788 0.174059
0.543788 0.159808
0.543788 0.168099
0.543788 0.164067
0.543788 0.167895
0.543788 0.179187
0.543788 0.180900
0.543788 0.170624
0.543788 0.178247
0.543788 0.177835
0.543788 0.166362
0.543788 0.163352
0.543788 0.175643
0.543788 0.170603
0.543788 0.163684
0.543788 0.177317
0.543788 0.175233
0.521073 0.168142
0.521073 0.179764
0.521073 0.166161
0.521073 0.173433
0.521073 0.172216
0.521073 0.170781
0.521073 0.172659
0.521073 0.183971
0.521073 0.182066
0.521073 0.169116
0.521073 0.183012
0.521073 0.170558
0.521073 0.164560
0.521073 0.172760
0.521073 0.165747
0.521073 0.183548
0.521073 0.167521
0.521073 0.171102
0.521073 0.173365
0.521073 0.174379
0.521073 0.167770
0.521073 0.180042
0.521073 0.169531
0.521073 0.170880
0.521073 0.180907
0.521073 0.166364
0.521073 0.167619
0.521073 0.166857
0.521073 0.176360
0.521073 0.165861
0.521073 0.171496
0.521073 0.177858
0.521073 0.181177
0.521073 0.171534
0.521073 0.171128
0.521073 0.174267
0.521073 0.164417
0.521073 0.181533
0.521073 0.178669
0.521073 0.181638
0.521073 0.181621
0.521073 0.178130
0.521073 0.167774
0.521073 0.177237
0.521073 0.182485
0.521073 0.182134
0.521073 0.169874
0.521073 0.167726
0.521073 0.169966
0.521073 0.168707
-0.379981 0.175255
-0.379981 0.163720
-0.379981 0.167853
-0.379981 0.178179
-0.379981 0.177887
-0.379981 0.174777
-0.379981 0.173296
-0.379981 0.156950
-0.379981 0.150372
-0.379981 0.110357
-0.379981 0.096587
-0.379981 0.069660
-0.379981 0.037822
-0.379981 0.008778
-0.379981 -0.036998
-0.379981 -0.068135
-0.379981 -0.097431
-0.379981 -0.137189
-0.379981 -0.162991
-0.379981 -0.191794
-0.379981 -0.218103
-0.379981 -0.235406
-0.379981 -0.257431
-0.379981 -0.294281
-0.379981 -0.304408
-0.379981 -0.318189
-0.379981 -0.345001
-0.379981 -0.369746
-0.379981 -0.373606
-0.379981 -0.396594
-0.379981 -0.389878
-0.379981 -0.411721
-0.379981 -0.427906
-0.379981 -0.420013
-0.379981 -0.440054
-0.379981 -0.436908
-0.379981 -0.440222
-0.379981 -0.456728
-0.379981 -0.459919
-0.379981 -0.451554
-0.379981 -0.456577
-0.379981 -0.470489
-0.379981 -0.466143
-0.379981 -0.464742
-0.379981 -0.482739
-0.379981 -0.484070
-0.379981 -0.482674
-0.379981 -0.474506
-0.379981 -0.474704
-0.379981 -0.478770
-0.306918 -0.492921
-0.306918 -0.492707
-0.306918 -0.477924
-0.306918 -0.484491
-0.306918 -0.489112
-0.306918 -0.482842
-0.306918 -0.481703
-0.306918 -0.484799
-0.306918 -0.473706
-0.306918 -0.471584
-0.306918 -0.457746
-0.306918 -0.456067
-0.306918 -0.465565
-0.306918 -0.462698
-0.306918 -0.446331
-0.306918 -0.446604
-0.306918 -0.442577
-0.306918 -0.431239
-0.306918 -0.438211
-0.306918 -0.435909
-0.306918 -0.426017
-0.306918 -0.440364
-0.306918 -0.436476
-0.306918 -0.428391
-0.306918 -0.433763
-0.306918 -0.422204
-0.306918 -0.432251
-0.306918 -0.420326
-0.306918 -0.424352
-0.306918 -0.418761
-0.306918 -0.418755
-0.306918 -0.433019
-0.306918 -0.419193
-0.306918 -0.434154
-0.306918 -0.422514
-0.306918 -0.419339
-0.306918 -0.419109
-0.306918 -0.414204
-0.306918 -0.421593
-0.306918 -0.422699
-0.306918 -0.425039
-0.306918 -0.423041
-0.306918 -0.414773
-0.306918 -0.423923
-0.306918 -0.422491
-0.306918 -0.427385
-0.306918 -0.429038
-0.306918 -0.426595
-0.306918 -0.414991
-0.306918 -0.413318
-0.296470 -0.426659
-0.296470 -0.423691
-0.296470 -0.414662
-0.296470 -0.421920
-0.296470 -0.419819
-0.296470 -0.420755
-0.296470 -0.417385
-0.296470 -0.417848
-0.296470 -0.422040
-0.296470 -0.413961
-0.296470 -0.416507
-0.296470 -0.413362
-0.296470 -0.406965
-0.296470 -0.425908
-0.296470 -0.418755
-0.296470 -0.415987
-0.296470 -0.414585
-0.296470 -0.421611
-0.296470 -0.413627
-0.296470 -0.407306
-0.296470 -0.410668
-0.296470 -0.412479
-0.296470 -0.410068
-0.296470 -0.415492
-0.296470 -0.412220
-0.296470 -0.416061
-0.296470 -0.419237
-0.296470 -0.414554
-0.296470 -0.404610
-0.296470 -0.413781
-0.296470 -0.410369
-0.296470 -0.401634
-0.296470 -0.410546
-0.296470 -0.418894
-0.296470 -0.401777
-0.296470 -0.410375
-0.296470 -0.415716
-0.296470 -0.417084
-0.296470 -0.420116
-0.296470 -0.415962
-0.296470 -0.407663
-0.296470 -0.413575
-0.296470 -0.400669
-0.296470 -0.412069
-0.296470 -0.404233
-0.296470 -0.419812
-0.296470 -0.412269
-0.296470 -0.405336
-0.296470 -0.417740
-0.296470 -0.411934
-0.709066 -0.414032
-0.709066 -0.415907
-0.709066 -0.402672
-0.709066 -0.416546
-0.709066 -0.400330
-0.709066 -0.419672
-0.709066 -0.411054
-0.709066 -0.432669
-0.709066 -0.437192
-0.709066 -0.450770
-0.709066 -0.471829
-0.709066 -0.487287
-0.709066 -0.491152
-0.709066 -0.497237
-0.709066 -0.519965
-0.709066 -0.534787
-0.709066 -0.530947
-0.709066 -0.549960
-0.709066 -0.553333
-0.709066 -0.550235
-0.709066 -0.557663
-0.709066 -0.565734
-0.709066 -0.570157
-0.709066 -0.585013
-0.709066 -0.575434
-0.709066 -0.583998
-0.709066 -0.589677
-0.709066 -0.589392
-0.709066 -0.600193
-0.709066 -0.600545
-0.709066 -0.593753
-0.709066 -0.598692
-0.709066 -0.593592
-0.709066 -0.603794
-0.709066 -0.601663
-0.709066 -0.597333
-0.709066 -0.598294
-0.709066 -0.608756
-0.709066 -0.593702
-0.709066 -0.608159
-0.709066 -0.600946
-0.709066 -0.603272
-0.709066 -0.596485
-0.709066 -0.597783
-0.709066 -0.603705
-0.709066 -0.601626
-0.709066 -0.611576
-0.709066 -0.612369
-0.709066 -0.597740
-0.709066 -0.603493
0.945329 -0.599244
0.945329 -0.608140
0.945329 -0.608249
0.945329 -0.616722
0.945329 -0.607059
0.945329 -0.610209
0.945329 -0.551040
0.945329 -0.453842
0.945329 -0.332332
0.945329 -0.231630
0.945329 -0.151379
0.945329 -0.069055
0.945329 -0.033101
0.945329 0.004501
0.945329 0.036188
0.945329 0.060266
0.945329 0.076855
0.945329 0.095217
0.945329 0.108326
0.945329 0.124201
0.945329 0.134610
0.945329 0.128787
0.945329 0.148641
0.945329 0.148014
0.945329 0.158762
0.945329 0.153873
0.945329 0.154561
0.945329 0.153148
0.945329 0.165354
0.945329 0.159467
0.945329 0.168734
0.945329 0.164086
0.945329 0.162851
0.945329 0.178523
0.945329 0.174978
0.945329 0.177478
0.945329 0.170009
0.945329 0.173690
0.945329 0.173704
0.945329 0.180905
0.945329 0.175449
0.945329 0.168304
0.945329 0.170910
0.945329 0.174402
0.945329 0.169382
0.945329 0.183698
0.945329 0.170105
0.945329 0.177977
0.945329 0.184200
0.945329 0.177969
0.818357 0.170132
0.818357 0.182544
0.818357 0.171678
0.818357 0.171818
0.818357 0.169032
0.818357 0.186498
0.818357 0.182669
0.818357 0.171534
0.818357 0.186828
0.818357 0.177422
0.818357 0.180727
0.818357 0.186582
0.818357 0.168983
0.818357 0.183710
0.818357 0.186636
0.818357 0.174047
0.818357 0.187519
0.818357 0.169141
0.818357 0.169743
0.818357 0.169500
0.818357 0.185097
0.818357 0.171793
0.818357 0.178261
0.818357 0.186713
0.818357 0.169942
0.818357 0.184584
0.818357 0.182083
0.818357 0.186485
0.818357 0.170027
0.818357 0.173962
0.818357 0.183728
0.818357 0.179676
0.818357 0.171230
0.818357 0.181025
0.818357 0.168224
0.818357 0.170746
0.818357 0.183179
0.818357 0.175989
0.818357 0.180584
0.818357 0.184319
0.818357 0.178828
0.818357 0.186706
0.818357 0.180286
0.818357 0.185065
0.818357 0.182046
0.818357 0.175045
0.818357 0.187167
0.818357 0.177536
0.818357 0.180542
0.818357 0.172153
0.119914 0.176089
0.119914 0.181028
0.119914 0.173279
0.119914 0.180875
0.119914 0.173318
0.119914 0.179669
0.119914 0.180168
0.119914 0.174604
0.119914 0.173198
0.119914 0.154572
0.119914 0.158732
0.119914 0.161047
0.119914 0.150560
0.119914 0.152425
0.119914 0.132050
0.119914 0.127464
0.119914 0.130472
0.119914 0.120026
0.119914 0.127068
0.119914 0.115486
0.119914 0.128962
0.119914 0.120064
0.119914 0.117935
0.119914 0.112308
0.119914 0.111882
0.119914 0.110404
0.119914 0.115676
0.119914 0.106956
0.119914 0.109696
0.119914 0.097466
0.119914 0.107608
0.119914 0.111533
0.119914 0.111413
0.119914 0.109713
0.119914 0.109852
0.119914 0.102926
0.119914 0.107270
0.119914 0.105732
0.119914 0.106744
0.119914 0.103400
0.119914 0.096924
0.119914 0.101563
0.119914 0.094179
0.119914 0.089768
0.119914 0.089225
0.119914 0.094472
0.119914 0.091402
0.119914 0.091228
0.119914 0.089164
0.119914 0.091037
-0.372819 0.093990
-0.372819 0.104643
-0.372819 0.089767
-0.372819 0.088913
-0.372819 0.094008
-0.372819 0.101849
-0.372819 0.090401
-0.372819 0.084459
-0.372819 0.050599
-0.372819 0.032526
-0.372819 0.000780
-0.372819 -0.024626
-0.372819 -0.058952
-0.372819 -0.091165
-0.372819 -0.120660
-0.372819 -0.148035
-0.372819 -0.177581
-0.372819 -0.216866
-0.372819 -0.238950
-0.372819 -0.259357
-0.372819 -0.292608
-0.372819 -0.304122
-0.372819 -0.325927
-0.372819 -0.330744
-0.372819 -0.363557
-0.372819 -0.360227
-0.372819 -0.390474
-0.372819 -0.401435
-0.372819 -0.412920
-0.372819 -0.406271
-0.372819 -0.430078
-0.372819 -0.426539
-0.372819 -0.443290
-0.372819 -0.449727
-0.372819 -0.452649
-0.372819 -0.448758
-0.372819 -0.445004
-0.372819 -0.450787
-0.372819 -0.469071
-0.372819 -0.459324
-0.372819 -0.472161
-0.372819 -0.470938
-0.372819 -0.476261
-0.372819 -0.476029
-0.372819 -0.477296
-0.372819 -0.478706
-0.372819 -0.483425
-0.372819 -0.484862
-0.372819 -0.469840
-0.372819 -0.475045
0.776400 -0.472942
0.776400 -0.473927
0.776400 -0.490608
0.776400 -0.479243
0.776400 -0.487939
0.776400 -0.476562
0.776400 -0.439659
0.776400 -0.356048
0.776400 -0.263264
0.776400 -0.166656
0.776400 -0.097185
0.776400 -0.042204
0.776400 0.002012
0.776400 0.028250
0.776400 0.056266
0.776400 0.085013
0.776400 0.090382
0.776400 0.113714
0.776400 0.120233
0.776400 0.121847
0.776400 0.130205
0.776400 0.130697
0.776400 0.152032
0.776400 0.152983
0.776400 0.146995
0.776400 0.158344
0.776400 0.153249
0.776400 0.165563
0.776400 0.170351
0.776400 0.156229
0.776400 0.175703
0.776400 0.171392
0.776400 0.167653
0.776400 0.173104
0.776400 0.178814
0.776400 0.169936
0.776400 0.182097
0.776400 0.180754
0.776400 0.173455
0.776400 0.174791
0.776400 0.167952
0.776400 0.177842
0.776400 0.174914
0.776400 0.181118
0.776400 0.170155
0.776400 0.183506
0.776400 0.185318
0.776400 0.184269
0.776400 0.174543
0.776400 0.180184
0.349146 0.175135
0.349146 0.174029
0.349146 0.171146
0.349146 0.181451
0.349146 0.167538
0.349146 0.183861
0.349146 0.178030
0.349146 0.181050
0.349146 0.172629
0.349146 0.176681
0.349146 0.178608
0.349146 0.173990
0.349146 0.169151
0.349146 0.161208
0.349146 0.175002
0.349146 0.166288
0.349146 0.164999
0.349146 0.169875
0.349146 0.166099
0.349146 0.162086
0.349146 0.160084
0.349146 0.170034
0.349146 0.168381
0.349146 0.165895
0.349146 0.156143
0.349146 0.168497
0.349146 0.174032
0.349146 0.162985
0.349146 0.163399
0.349146 0.167172
0.349146 0.153644
0.349146 0.170959
0.349146 0.159612
0.349146 0.163570
0.349146 0.163996
0.349146 0.165875
0.349146 0.160457
0.349146 0.160017
0.349146 0.166531
0.349146 0.159095
0.349146 0.154747
0.349146 0.166134
0.349146 0.154413
0.349146 0.169233
0.349146 0.170034
0.349146 0.154044
0.349146 0.165473
0.349146 0.171898
0.349146 0.155133
0.349146 0.160700
-0.217825 0.162636
-0.217825 0.167629
-0.217825 0.159103
-0.217825 0.171614
-0.217825 0.172360
-0.217825 0.154628
-0.217825 0.165421
-0.217825 0.138355
-0.217825 0.127836
-0.217825 0.115324
-0.217825 0.094361
-0.217825 0.078717
-0.217825 0.039519
-0.217825 0.015635
-0.217825 -0.002888
-0.217825 -0.025836
-0.217825 -0.053466
-0.217825 -0.073940
-0.217825 -0.089172
-0.217825 -0.116979
-0.217825 -0.125760
-0.217825 -0.154783
-0.217825 -0.161634
-0.217825 -0.181006
-0.217825 -0.191088
-0.217825 -0.200017
-0.217825 -0.225944
-0.217825 -0.222175
-0.217825 -0.234570
-0.217825 -0.247436
-0.217825 -0.243810
-0.217825 -0.259416
-0.217825 -0.271860
-0.217825 -0.270050
-0.217825 -0.264115
-0.217825 -0.282527
-0.217825 -0.290154
-0.217825 -0.281497
-0.217825 -0.288907
-0.217825 -0.288950
-0.217825 -0.300838
-0.217825 -0.293338
-0.217825 -0.289478
-0.217825 -0.301176
-0.217825 -0.298366
-0.217825 -0.302827
-0.217825 -0.301580
-0.217825 -0.310457
-0.217825 -0.302134
-0.217825 -0.295725
0.014368 -0.305139
0.014368 -0.312050
0.014368 -0.308095
0.014368 -0.295689
0.014368 -0.306634
0.014368 -0.309525
0.014368 -0.297794
0.014368 -0.259246
0.014368 -0.232037
0.014368 -0.198631
0.014368 -0.176923
0.014368 -0.145829
0.014368 -0.127182
0.014368 -0.100791
0.014368 -0.080313
0.014368 -0.069308
0.014368 -0.070462
0.014368 -0.057023
0.014368 -0.034546
0.014368 -0.027424
0.014368 -0.020658
0.014368 -0.016506
0.014368 -0.013123
0.014368 -0.006679
0.014368 -0.008374
0.014368 -0.002323
0.014368 -0.001242
0.014368 -0.003641
0.014368 -0.006110
0.014368 0.005359
0.014368 -0.003853
0.014368 0.005646
0.014368 0.009958
0.014368 0.001975
0.014368 0.012137
0.014368 0.001214
0.014368 0.003239
0.014368 0.011771
0.014368 0.007606
0.014368 0.007800
0.014368 0.005961
0.014368 0.017990
0.014368 0.019564
0.014368 0.021901
0.014368 0.009264
0.014368 0.005865
0.014368 0.012004
0.014368 0.011696
0.014368 0.012007
0.014368 0.009379
0.048207 0.005012
0.048207 0.016311
0.048207 0.007209
0.048207 0.023084
0.048207 0.023257
0.048207 0.021968
0.048207 0.010192
0.048207 0.026530
0.048207 0.020614
0.048207 0.016637
0.048207 0.016933
0.048207 0.019402
0.048207 0.024758
0.048207 0.028588
0.048207 0.036982
0.048207 0.036660
0.048207 0.046613
0.048207 0.029512
0.048207 0.032977
0.048207 0.042758
0.048207 0.045154
0.048207 0.050099
0.048207 0.047717
0.048207 0.048712
0.048207 0.043295
0.048207 0.035615
0.048207 0.042254
0.048207 0.049562
0.048207 0.046269
0.048207 0.048232
0.048207 0.045479
0.048207 0.045545
0.048207 0.051789
0.048207 0.054737
0.048207 0.051795
0.048207 0.040609
0.048207 0.045338
0.048207 0.045019
0.048207 0.042270
0.048207 0.043751
0.048207 0.051668
0.048207 0.052249
0.048207 0.054597
0.048207 0.042533
0.048207 0.037391
0.048207 0.037655
0.048207 0.038731
0.048207 0.056050
0.048207 0.037391
0.048207 0.043085
0.856002 0.052900
0.856002 0.038652
0.856002 0.051925
0.856002 0.043188
0.856002 0.054267
0.856002 0.052534
0.856002 0.056520
0.856002 0.063786
0.856002 0.082207
0.856002 0.100216
0.856002 0.111726
0.856002 0.107275
0.856002 0.123636
0.856002 0.133477
0.856002 0.132919
0.856002 0.148897
0.856002 0.149869
0.856002 0.161590
0.856002 0.164347
0.856002 0.167305
0.856002 0.156212
0.856002 0.159533
0.856002 0.171795
0.856002 0.174624
0.856002 0.158969
0.856002 0.165030
0.856002 0.172550
0.856002 0.165574
0.856002 0.172733
0.856002 0.165208
0.856002 0.183245
0.856002 0.176506
0.856002 0.176565
0.856002 0.173166
0.856002 0.174080
0.856002 0.169850
0.856002 0.177320
0.856002 0.170276
0.856002 0.182032
0.856002 0.176712
0.856002 0.176806
0.856002 0.186123
0.856002 0.172335
0.856002 0.185758
0.856002 0.174055
0.856002 0.176880
0.856002 0.174548
0.856002 0.180532
0.856002 0.174704
0.856002 0.180132
0.142746 0.179247
0.142746 0.180320
0.142746 0.182125
0.142746 0.182726
0.142746 0.169994
0.142746 0.174610
0.142746 0.173781
0.142746 0.167091
0.142746 0.165193
0.142746 0.170592
0.142746 0.169813
0.142746 0.153077
0.142746 0.152021
0.142746 0.149530
0.142746 0.143411
0.142746 0.144031
0.142746 0.134276
0.142746 0.132186
0.142746 0.132092
0.142746 0.130485
0.142746 0.121230
0.142746 0.135480
0.142746 0.132365
0.142746 0.116610
0.142746 0.120021
0.142746 0.113065
0.142746 0.120127
0.142746 0.124578
0.142746 0.112832
0.142746 0.108172
0.142746 0.105458
0.142746 0.116395
0.142746 0.112558
0.142746 0.107933
0.142746 0.119352
0.142746 0.106949
0.142746 0.118954
0.142746 0.103403
0.142746 0.109184
0.142746 0.110521
0.142746 0.118321
0.142746 0.119359
0.142746 0.111961
0.142746 0.103324
0.142746 0.118353
0.142746 0.116508
0.142746 0.104023
0.142746 0.108702
0.142746 0.103790
0.142746 0.106063
0.336675 0.109721
0.336675 0.117339
0.336675 0.115313
0.336675 0.104988
0.336675 0.119359
0.336675 0.118249
0.336675 0.110629
0.336675 0.109152
0.336675 0.112878
0.336675 0.132304
0.336675 0.125161
0.336675 0.142019
0.336675 0.129357
0.336675 0.133723
0.336675 0.137027
0.336675 0.146218
0.336675 0.154848
0.336675 0.156562
0.336675 0.156291
0.336675 0.154849
0.336675 0.156872
0.336675 0.153400
0.336675 0.152801
0.336675 0.146342
0.336675 0.149596
0.336675 0.155951
0.336675 0.164735
0.336675 0.154305
0.336675 0.167952
0.336675 0.164314
0.336675 0.161886
0.336675 0.150845
0.336675 0.155634
0.336675 0.167821
0.336675 0.167870
0.336675 0.159493
0.336675 0.162808
0.336675 0.159038
0.336675 0.163438
0.336675 0.153202
0.336675 0.152521
0.336675 0.159744
0.336675 0.154355
0.336675 0.165421
0.336675 0.161194
0.336675 0.152012
0.336675 0.160485
0.336675 0.153590
0.336675 0.160531
0.336675 0.160120
-0.895483 0.165123
-0.895483 0.168401
-0.895483 0.169530
-0.895483 0.166287
-0.895483 0.152555
-0.895483 0.155725
-0.895483 0.157075
-0.895483 0.137329
-0.895483 0.130450
-0.895483 0.097163
-0.895483 0.075732
-0.895483 0.043857
-0.895483 0.006268
-0.895483 -0.035625
-0.895483 -0.067398
-0.895483 -0.108520
-0.895483 -0.158500
-0.895483 -0.187963
-0.895483 -0.226003
-0.895483 -0.255113
-0.895483 -0.285493
-0.895483 -0.320548
-0.895483 -0.358151
-0.895483 -0.373327
-0.895483 -0.413491
-0.895483 -0.434235
-0.895483 -0.449012
-0.895483 -0.467303
-0.895483 -0.476844
-0.895483 -0.501065
-0.895483 -0.513899
-0.895483 -0.531892
-0.895483 -0.525070
-0.895483 -0.537138
-0.895483 -0.554123
-0.895483 -0.552656
-0.895483 -0.565186
-0.895483 -0.580177
-0.895483 -0.570859
-0.895483 -0.583788
-0.895483 -0.591990
-0.895483 -0.586261
-0.895483 -0.586450
-0.895483 -0.592403
-0.895483 -0.589332
-0.895483 -0.610513
-0.895483 -0.611122
-0.895483 -0.609556
-0.895483 -0.615307
-0.895483 -0.598826
-0.345885 -0.608711
-0.345885 -0.609598
-0.345885 -0.610663
-0.345885 -0.604688
-0.345885 -0.620475
-0.345885 -0.623252
-0.345885 -0.612773
-0.345885 -0.604874
-0.345885 -0.578452
-0.345885 -0.573151
-0.345885 -0.554110
-0.345885 -0.546369
-0.345885 -0.536877
-0.345885 -0.530229
-0.345885 -0.522008
-0.345885 -0.525647
-0.345885 -0.503672
-0.345885 -0.511358
-0.345885 -0.499442
-0.345885 -0.491729
-0.345885 -0.482185
-0.345885 -0.491215
-0.345885 -0.487100
-0.345885 -0.481894
-0.345885 -0.475997
-0.345885 -0.478482
-0.345885 -0.469885
-0.345885 -0.482904
-0.345885 -0.481940
-0.345885 -0.475523
-0.345885 -0.464855
-0.345885 -0.465581
-0.345885 -0.472442
-0.345885 -0.474520
-0.345885 -0.465436
-0.345885 -0.474819
-0.345885 -0.472607
-0.345885 -0.459577
-0.345885 -0.469239
-0.345885 -0.467166
-0.345885 -0.470225
-0.345885 -0.463804
-0.345885 -0.453666
-0.345885 -0.469344
-0.345885 -0.461025
-0.345885 -0.459993
-0.345885 -0.468733
-0.345885 -0.468496
-0.345885 -0.452721
-0.345885 -0.458158
-0.887197 -0.460165
-0.887197 -0.453475
-0.887197 -0.456569
-0.887197 -0.465392
-0.887197 -0.470869
-0.887197 -0.463112
-0.887197 -0.465707
-0.887197 -0.481459
-0.887197 -0.486093
-0.887197 -0.486262
-0.887197 -0.512703
-0.887197 -0.512170
-0.887197 -0.520847
-0.887197 -0.530464
-0.887197 -0.542303
-0.887197 -0.546347
-0.887197 -0.558383
-0.887197 -0.577621
-0.887197 -0.567990
-0.887197 -0.570833
-0.887197 -0.582472
-0.887197 -0.592757
-0.887197 -0.598041
-0.887197 -0.587308
-0.887197 -0.603930
-0.887197 -0.590368
-0.887197 -0.593366
-0.887197 -0.605386
-0.887197 -0.602918
-0.887197 -0.616245
-0.887197 -0.599757
-0.887197 -0.604644
-0.887197 -0.613138
-0.887197 -0.614696
-0.887197 -0.615894
-0.887197 -0.618229
-0.887197 -0.605060
-0.887197 -0.611451
-0.887197 -0.606808
-0.887197 -0.611260
-0.887197 -0.609612
-0.887197 -0.619679
-0.887197 -0.613194
-0.887197 -0.623656
-0.887197 -0.608286
-0.887197 -0.613668
-0.887197 -0.615050
-0.887197 -0.613712
-0.887197 -0.608995
-0.887197 -0.625427
-0.640345 -0.611881
-0.640345 -0.622083
-0.640345 -0.617835
-0.640345 -0.617986
-0.640345 -0.611292
-0.640345 -0.621749
-0.640345 -0.613152
-0.640345 -0.611010
-0.640345 -0.606741
-0.640345 -0.622579
-0.640345 -0.602950
-0.640345 -0.600651
-0.640345 -0.604346
-0.640345 -0.614909
-0.640345 -0.614540
-0.640345 -0.611192
-0.640345 -0.612951
-0.640345 -0.606603
-0.640345 -0.605729
-0.640345 -0.603948
-0.640345 -0.595957
-0.640345 -0.595988
-0.640345 -0.592566
-0.640345 -0.591733
-0.640345 -0.606423
-0.640345 -0.600911
-0.640345 -0.592765
-0.640345 -0.592014
-0.640345 -0.590264
-0.640345 -0.606658
-0.640345 -0.607211
-0.640345 -0.597344
-0.640345 -0.599064
-0.640345 -0.591727
-0.640345 -0.591858
-0.640345 -0.590968
-0.640345 -0.596991
-0.640345 -0.592668
-0.640345 -0.593057
-0.640345 -0.593950
-0.640345 -0.608833
-0.640345 -0.604435
-0.640345 -0.603208
-0.640345 -0.589477
-0.640345 -0.599040
-0.640345 -0.595951
-0.640345 -0.608115
-0.640345 -0.590689
-0.640345 -0.600846
-0.640345 -0.591281
0.851866 -0.590792
0.851866 -0.608389
0.851866 -0.606885
0.851866 -0.601896
0.851866 -0.606374
0.851866 -0.606030
0.851866 -0.540703
0.851866 -0.442120
0.851866 -0.334602
0.851866 -0.216123
0.851866 -0.139658
0.851866 -0.071472
0.851866 -0.034932
0.851866 0.004410
0.851866 0.047551
0.851866 0.063889
0.851866 0.081671
0.851866 0.109277
0.851866 0.122248
0.851866 0.123180
0.851866 0.127727
0.851866 0.145545
0.851866 0.146106
0.851866 0.146596
0.851866 0.161604
0.851866 0.153867
0.851866 0.163250
0.851866 0.159321
0.851866 0.162634
0.851866 0.169292
0.851866 0.176563
0.851866 0.161469
0.851866 0.165897
0.851866 0.164573
0.851866 0.162220
0.851866 0.168389
0.851866 0.173961
0.851866 0.174895
0.851866 0.182759
0.851866 0.165529
0.851866 0.177744
0.851866 0.174534
0.851866 0.179692
0.851866 0.180098
0.851866 0.176192
0.851866 0.172345
0.851866 0.168305
0.851866 0.167795
0.851866 0.169151
0.851866 0.186677
0.876030 0.170140
0.876030 0.179803
0.876030 0.181090
0.876030 0.173824
0.876030 0.177323
0.876030 0.182285
0.876030 0.182422
0.876030 0.179254
0.876030 0.170844
0.876030 0.171013
0.876030 0.184240
0.876030 0.171472
0.876030 0.179862
0.876030 0.185394
0.876030 0.175430
0.876030 0.173075
0.876030 0.180108
0.876030 0.187241
0.876030 0.182066
0.876030 0.180152
0.876030 0.174055
0.876030 0.179434
0.876030 0.179953
0.876030 0.172915
0.876030 0.177056
0.876030 0.186684
0.876030 0.187226
0.876030 0.185023
0.876030 0.174869
0.876030 0.174300
0.876030 0.186950
0.876030 0.177878
0.876030 0.173389
0.876030 0.178040
0.876030 0.177312
0.876030 0.168091
0.876030 0.170279
0.876030 0.186875
0.876030 0.176328
0.876030 0.169824
0.876030 0.186280
0.876030 0.183446
0.876030 0.181331
0.876030 0.172272
0.876030 0.176008
0.876030 0.178071
0.876030 0.180357
0.876030 0.183820
0.876030 0.177793
0.876030 0.179387
0.428185 0.185960
0.428185 0.178847
0.428185 0.169978
0.428185 0.180787
0.428185 0.171337
0.428185 0.168169
0.428185 0.174435
0.428185 0.171209
0.428185 0.172567
0.428185 0.170468
0.428185 0.178296
0.428185 0.169511
0.428185 0.173726
0.428185 0.174560
0.428185 0.175635
0.428185 0.165977
0.428185 0.176172
0.428185 0.162266
0.428185 0.171216
0.428185 0.177805
0.428185 0.169616
0.428185 0.169679
0.428185 0.175074
0.428185 0.169655
0.428185 0.165090
0.428185 0.172071
0.428185 0.171305
0.428185 0.178508
0.428185 0.162445
0.428185 0.172300
0.428185 0.179656
0.428185 0.172742
0.428185 0.178761
0.428185 0.167973
0.428185 0.166443
0.428185 0.166269
0.428185 0.162675
0.428185 0.175770
0.428185 0.168893
0.428185 0.176017
0.428185 0.174375
0.428185 0.173338
0.428185 0.160900
0.428185 0.165820
0.428185 0.179171
0.428185 0.170998
0.428185 0.178971
0.428185 0.173768
0.428185 0.161649
0.428185 0.177795
0.465375 0.168433
0.465375 0.175053
0.465375 0.178535
0.465375 0.174704
0.465375 0.177296
0.465375 0.166919
0.465375 0.179091
0.465375 0.170682
0.465375 0.174826
0.465375 0.160751
0.465375 0.175219
0.465375 0.169867
0.465375 0.179369
0.465375 0.179389
0.465375 0.170226
0.465375 0.173415
0.465375 0.177324
0.465375 0.178446
0.465375 0.172613
0.465375 0.179494
0.465375 0.161700
0.465375 0.181034
0.465375 0.173439
0.465375 0.176045
0.465375 0.175524
0.465375 0.166421
0.465375 0.169480
0.465375 0.180860
0.465375 0.175187
0.465375 0.168989
0.465375 0.180419
0.465375 0.161875
0.465375 0.165136
0.465375 0.166571
0.465375 0.163543
0.465375 0.163607
0.465375 0.171096
0.465375 0.167258
0.465375 0.168256
0.465375 0.164162
0.465375 0.173033
0.465375 0.173183
0.465375 0.164689
0.465375 0.166828
0.465375 0.179586
0.465375 0.177609
0.465375 0.173515
0.465375 0.174321
0.465375 0.168930
0.465375 0.166429
-0.076505 0.165110
-0.076505 0.171076
-0.076505 0.175059
-0.076505 0.175733
-0.076505 0.174760
-0.076505 0.167967
-0.076505 0.162177
-0.076505 0.168875
-0.076505 0.141450
-0.076505 0.147398
-0.076505 0.126294
-0.076505 0.112386
-0.076505 0.098335
-0.076505 0.085909
-0.076505 0.056915
-0.076505 0.046020
-0.076505 0.042355
-0.076505 0.027926
-0.076505 0.019182
-0.076505 0.011173
-0.076505 -0.007925
-0.076505 -0.022415
-0.076505 -0.029574
-0.076505 -0.028256
-0.076505 -0.045090
-0.076505 -0.050873
-0.076505 -0.048129
-0.076505 -0.053549
-0.076505 -0.057982
-0.076505 -0.058397
-0.076505 -0.069497
-0.076505 -0.077086
-0.076505 -0.067965
-0.076505 -0.083345
-0.076505 -0.078264
-0.076505 -0.086072
-0.076505 -0.076074
-0.076505 -0.085254
-0.076505 -0.087975
-0.076505 -0.081257
-0.076505 -0.089450
-0.076505 -0.089024
-0.076505 -0.095238
-0.076505 -0.082662
-0.076505 -0.091818
-0.076505 -0.085787
-0.076505 -0.102483
-0.076505 -0.094637
-0.076505 -0.096001
-0.076505 -0.089853
0.862659 -0.086834
0.862659 -0.101263
0.862659 -0.089321
0.862659 -0.088626
0.862659 -0.093271
0.862659 -0.100925
0.862659 -0.080450
0.862659 -0.058943
0.862659 -0.029531
0.862659 0.012148
0.862659 0.042157
0.862659 0.056878
0.862659 0.077355
0.862659 0.097703
0.862659 0.112677
0.862659 0.118955
0.862659 0.134751
0.862659 0.133873
0.862659 0.138310
0.862659 0.140616
0.862659 0.152650
0.862659 0.147812
0.862659 0.154096
0.862659 0.169702
0.862659 0.155460
0.862659 0.158449
0.862659 0.158831
0.862659 0.173160
0.862659 0.163749
0.862659 0.167661
0.862659 0.174177
0.862659 0.168150
0.862659 0.177044
0.862659 0.176890
0.862659 0.171755
0.862659 0.172816
0.862659 0.172538
0.862659 0.173546
0.862659 0.180197
0.862659 0.178376
0.862659 0.178293
0.862659 0.182566
0.862659 0.175855
0.862659 0.181366
0.862659 0.178444
0.862659 0.170071
0.862659 0.179799
0.862659 0.180218
0.862659 0.184398
0.862659 0.174985
-0.187160 0.171708
-0.187160 0.176546
-0.187160 0.176888
-0.187160 0.180627
-0.187160 0.167883
-0.187160 0.173967
-0.187160 0.174163
-0.187160 0.167914
-0.187160 0.149775
-0.187160 0.137141
-0.187160 0.115277
-0.187160 0.092890
-0.187160 0.063962
-0.187160 0.046511
-0.187160 0.024941
-0.187160 -0.002040
-0.187160 -0.014328
-0.187160 -0.028003
-0.187160 -0.065634
-0.187160 -0.082451
-0.187160 -0.090133
-0.187160 -0.104728
-0.187160 -0.132461
-0.187160 -0.133691
-0.187160 -0.160200
-0.187160 -0.158213
-0.187160 -0.176298
-0.187160 -0.181677
-0.187160 -0.192161
-0.187160 -0.205032
-0.187160 -0.210047
-0.187160 -0.219282
-0.187160 -0.225791
-0.187160 -0.221156
-0.187160 -0.222268
-0.187160 -0.240670
-0.187160 -0.242186
-0.187160 -0.242456
-0.187160 -0.237581
-0.187160 -0.252944
-0.187160 -0.255462
-0.187160 -0.243574
-0.187160 -0.254201
-0.187160 -0.254052
-0.187160 -0.255627
-0.187160 -0.261991
-0.187160 -0.245639
-0.187160 -0.246774
-0.187160 -0.258277
-0.187160 -0.250743
0.366412 -0.267260
0.366412 -0.268715
0.366412 -0.256225
0.366412 -0.262742
0.366412 -0.267828
0.366412 -0.265740
0.366412 -0.231079
0.366412 -0.188222
0.366412 -0.135182
0.366412 -0.093648
0.366412 -0.045983
0.366412 -0.007734
0.366412 0.023219
0.366412 0.043761
0.366412 0.074350
0.366412 0.081115
0.366412 0.085276
0.366412 0.113139
0.366412 0.113442
0.366412 0.123138
0.366412 0.135569
0.366412 0.134198
0.366412 0.138958
0.366412 0.134871
0.366412 0.142977
0.366412 0.155278
0.366412 0.149390
0.366412 0.156806
0.366412 0.160497
0.366412 0.150659
0.366412 0.151895
0.366412 0.157213
0.366412 0.163543
0.366412 0.157043
0.366412 0.149827
0.366412 0.156269
0.366412 0.164255
0.366412 0.157897
0.366412 0.164317
0.366412 0.156739
0.366412 0.158784
0.366412 0.160009
0.366412 0.169473
0.366412 0.153061
0.366412 0.166385
0.366412 0.154600
0.366412 0.169565
0.366412 0.169444
0.366412 0.171628
0.366412 0.169336
0.299832 0.160654
0.299832 0.157038
0.299832 0.168779
0.299832 0.157654
0.299832 0.158191
0.299832 0.158584
0.299832 0.168934
0.299832 0.172933
0.299832 0.169825
0.299832 0.154040
0.299832 0.168842
0.299832 0.160175
0.299832 0.169275
0.299832 0.166952
0.299832 0.153225
0.299832 0.163367
0.299832 0.157437
0.299832 0.153109
0.299832 0.163266
0.299832 0.152113
0.299832 0.151264
0.299832 0.158905
0.299832 0.167155
0.299832 0.162563
0.299832 0.158208
0.299832 0.160613
0.299832 0.157142
0.299832 0.153897
0.299832 0.158361
0.299832 0.152123
0.299832 0.155396
0.299832 0.156363
0.299832 0.159919
0.299832 0.153707
0.299832 0.147072
0.299832 0.148362
0.299832 0.151993
0.299832 0.164336
0.299832 0.164145
0.299832 0.162963
0.299832 0.152362
0.299832 0.156494
0.299832 0.147007
0.299832 0.150717
0.299832 0.159280
0.299832 0.157450
0.299832 0.147510
0.299832 0.148131
0.299832 0.151523
0.299832 0.146983
0.000000 0.000000
